name,value
月ヶ瀬温泉（つきがせ）,2.651754345130502
敷島温泉（しきしま）,1.8861401371527136
嵯峨沢温泉（さがさわ）,1.8718916415645364
山の神温泉（やまのかみ）,1.8319783200297441
阿寒湖温泉（あかんこ）,1.7976292604417132
京都竹の郷温泉（きょうとたけのさと）,1.7844954688559498
有馬温泉（ありま）,1.7808990617070282
瓜島温泉（うりじま）,1.7805937786034325
宇奈月温泉（うなづき）,1.7779300035091867
浮山温泉（うきやま）,1.7723383771484358
岩手山焼走り温泉（いわてさんやけはしり）,1.7691559480731949
横川温泉（静岡県）（よこかわ）,1.7676555680731934
鷹巣温泉（たかす）,1.7673781063263878
守護陣温泉（しゅごじん）,1.7666132702377804
網走湖畔温泉（あばしりこはん）,1.765362842956133
梅ヶ島温泉（うめがしま）,1.764305661906276
上齋原温泉（かみさいばら）,1.7635952310081116
中山平温泉（なかやまだいら）,1.7583964906240765
妙高温泉（みょうこう）,1.7577126044453235
内船温泉（うちぶな）,1.7547980757397517
池の平温泉（いけのたいら）,1.752859008024659
白馬八方温泉（はくばはっぽう）,1.7497209242953542
奥利根温泉（水上温泉郷）（おくとね（みなかみ））,1.7472952116738285
駒の湯温泉（静岡県）（こまのゆ）,1.7466758141915004
高遠温泉（たかとお）,1.746580317739332
和銅鉱泉（わどうこうせん）,1.739457423619011
川浦温泉（かわうら）,1.739062964333254
日光温泉（にっこう）,1.73605876285256
菊池温泉（きくち）,1.734715555320706
横川温泉（よこかわ）,1.734676381056769
馬瀬川温泉（まぜがわ）,1.7325493809084098
守実温泉（もりざね）,1.7268718640532408
会津高原温泉（あいづこうげん）,1.7266910302273013
吉井温泉（よしい）,1.7263473514140697
磐梯熱海温泉（ばんだいあたみ）,1.7254235029482003
あしがらの温泉（あしがらの）,1.7251350722213585
伊東温泉（いとう）,1.7241276152301253
原保温泉（わらぼ）,1.722758418535977
谷川温泉（水上温泉郷）（たにがわ（みなかみ））,1.718996051764279
小涌谷温泉（こわきだに）,1.7186860691821366
産山温泉（うぶやま）,1.7163544860900493
越中つるぎ温泉（えっちゅうつるぎ）,1.7122095232469994
深耶馬温泉（しんやば）,1.710741373922741
河内温泉（かわち）,1.710147427754444
観音温泉（かんのん）,1.709695531799082
垂玉温泉（たるたま）,1.7083371680295258
三谷温泉（みや）,1.7054316729568597
天ヶ瀬温泉（あまがせ）,1.7049129583072244
舞子温泉（まいこ）,1.7019869486490886
伊豆長岡温泉（いずながおか）,1.7006013603848322
菊池渓谷温泉（きくちけいこく）,1.6979213163518068
平湯温泉（奥飛騨温泉郷）（ひらゆ（おくひだ））,1.6950220154565676
白沢高原温泉（しらさわこうげん）,1.693627068348098
一の俣温泉（いちのまた）,1.693276413033406
瀬美温泉（せみ）,1.6928174670851022
湯野上温泉（ゆのかみ）,1.6926764278558264
十和田ポニー温泉（とわだぽにー）,1.6926760131068397
信貴山温泉（しぎさん）,1.6902015125542356
大町温泉郷（おおまち）,1.6889692822046445
寸又峡温泉（すまたきょう）,1.686402242696076
玄海さつき温泉（げんかいさつき）,1.6844671010448222
天龍峡温泉（てんりゅうきょう）,1.6834361763638361
天目山温泉（てんもくざん）,1.6827352637784523
かぶと湯温泉（かぶとゆ）,1.6808552797556968
みやばる温泉（みやばる）,1.6791298343685637
鈍川温泉（にぶかわ）,1.6766340719503268
湯之元温泉（ゆのもと）,1.675927856120101
竜門温泉（りゅうもん）,1.6757062001709353
吉尾温泉（よしお）,1.6734241856294767
あずまや温泉（あずまや）,1.6729349143672407
奥矢作峡笹戸温泉（おくやはぎきょうささと）,1.6721890553047782
泉崎さつき温泉（いずみざきさつき）,1.6721337459380166
山中湖温泉（やまなかこ）,1.6714839733535782
市比野温泉（いちひの）,1.670965372993235
畑毛温泉（はたけ）,1.6694422315871507
鉛温泉（なまり）,1.666677971942383
鹿野温泉（しかの）,1.665991837126121
板室温泉（いたむろ）,1.665531067602467
橘の郷上野温泉（たちばなのさとうえの）,1.664967590518165
上諏訪温泉（諏訪湖温泉郷）（かみすわ（すわこ））,1.6642023706645297
塔ノ沢温泉（とうのさわ）,1.6634985133796407
裏耶馬渓温泉（うらやばけい）,1.6634749255159444
筑波温泉（つくば）,1.6615639272750469
下條温泉（しもじょう）,1.6594801330775546
北温泉（きた）,1.6589578224117296
川底温泉（かわぞこ）,1.6582355439140086
筑波山温泉（つくばさん）,1.6561423429010207
川上峡温泉（かわかみきょう）,1.656125447525267
川場温泉（かわば）,1.6553428410960918
天城船原温泉（あまぎふなばら）,1.654172330571894
美又温泉（みまた）,1.6540055481488245
大室温泉（おおむろ）,1.6537227804592827
山代温泉（加賀温泉郷）（やましろ（かが））,1.652966132420197
十勝川温泉（とかちがわ）,1.6525287809863427
奥山温泉（おくやま）,1.651162860294183
嵐山温泉（あらしやま）,1.651140482279292
湯ノ小屋温泉（水上温泉郷）（ゆのこや（みなかみ））,1.6510039852036718
大歩危温泉（おおぼけ）,1.6505363903809012
木津温泉（きつ）,1.650414177984522
檜枝岐温泉（ひのえまた）,1.6503007919119117
山鹿温泉（やまが）,1.6500147438624448
久米川温泉（くめがわ）,1.6500070888614444
奥天竜不動温泉（オクテンリュウフドウ）,1.6497744881270224
箱根峠温泉（はこねとうげ）,1.6494551013436234
小砂温泉（こいさご）,1.6485519325524045
西浦温泉（にしうら）,1.6485495322890449
湯原温泉（ゆばら）,1.6483667209221604
北湯沢温泉（きたゆざわ）,1.6480934708787682
湯瀬温泉（ゆぜ）,1.6467547068993251
猪ノ田温泉（いのだ）,1.6458550973942405
片品温泉（かたしな）,1.6450285957309236
月川温泉（つきかわ）,1.6444725557638888
土湯温泉（つちゆ）,1.6432937664682405
伊賀温泉（いが）,1.6429886044039015
小天温泉（おあま）,1.6426876597760016
河津・峰温泉（かわづ・みね）,1.6417140614306718
奥津温泉（おくつ）,1.6412683033890891
尾瀬・土出温泉（おぜ・つちで）,1.6410831176398093
滝の上温泉（たきのうえ）,1.6380756107861534
嵯峨塩鉱泉（さがしお）,1.6374912413980878
二日市温泉（ふつかいち）,1.6372491790537247
奥平温泉（おくだいら）,1.6360566409533484
荒尾温泉（あらお）,1.6354670531132764
楠川温泉（くすがわ）,1.635055437945483
玉名温泉（たまな）,1.6344273026313696
九頭竜温泉（くずりゅう）,1.6331104932908425
西谷温泉（にしたに）,1.632876160374859
天然温泉まほろばの湯（てんねんまほろばのゆ）,1.632389913394786
下諏訪温泉諏訪湖温泉郷（しもすわ（すわこ））,1.6321082470709818
早太郎温泉（はやたろう）,1.6320823676753462
陣場ノ湯温泉（じんばのゆ）,1.63205748391256
広沢寺温泉（こうたくじ）,1.631225240491984
那須温泉（なす）,1.6309297444266184
薬王寺温泉（やくおうじ）,1.629852393444693
磐梯宝温泉（ばんだいたから）,1.629271339219913
ねぶた温泉（ねぶた）,1.6286300020717215
蒲郡温泉（がまごおり）,1.627537486061715
カルルス温泉（かるるす）,1.627198967233039
小鹿野温泉（おがの）,1.6269140485347362
鹿教湯温泉（かけゆ）,1.6266698424230541
山梨万葉温泉（やまなしまんよう）,1.6256023895060807
箱根湯本温泉（はこねゆもと）,1.6247721603303624
芦野温泉（あしの）,1.6245935815468169
春日居温泉（かすがい）,1.624284107695546
玖珠温泉（くす）,1.6239408904261756
黒石温泉郷（くろいし）,1.6238832876347657
鬼首温泉（鳴子温泉郷）（おにこうべ（なるこ））,1.6226161920972038
城崎円山川ひだまり温泉（きのさきまるやまがわひだまり）,1.6214122857179556
仁伏温泉（にぶし）,1.620920645432514
浅茂川浦島温泉（あさもがわうらしま）,1.6179367451552757
赤谷温泉（あかや）,1.617912635730024
羽鳥湖温泉（はとりこ）,1.6170705202640148
霧島神宮温泉（きりしまじんぐう）,1.6170182877726722
下呂温泉（げろ）,1.6147674248197623
木戸池温泉（きどいけ）,1.6139711912786752
中里温泉（なかさと）,1.6136538821615671
馬頭温泉（ばとう）,1.6134754042876394
吉奈温泉（よしな）,1.6128974790897284
満願寺温泉（まんがんじ）,1.6128654561021871
出雲湯村温泉（いずもゆむら）,1.6125301670348435
殿湯温泉（とのゆ）,1.6123691882219229
湯田温泉（ゆだ）,1.6102208270315537
秋月温泉（あきづき）,1.60976722144244
原鶴温泉（はらづる）,1.6096795607815708
まほらの湯（まほらのゆ）,1.6095573387125082
鉄輪温泉（別府温泉郷）（かんなわ（べっぷ））,1.6091938401784813
南伊豆・吉佐美温泉（みなみいず・きさみ）,1.6087009819191798
蛸川温泉（たこがわ）,1.6078242246519054
淡路島・洲本温泉（あわじしま・すもと）,1.6075423915396656
伊賀青山朝妻温泉（あさつま）,1.607008822523711
長者原温泉（ちょうじゃばる）,1.6065623739309478
畔地温泉（あぜち）,1.6059494411997628
韮山温泉（にらやま）,1.6040259350548711
南阿蘇俵山温泉（阿蘇温泉郷）（みなみあそたわらやま（あそ））,1.603616024972054
志摩磯部ひまわりの湯（しまいそべひまわりのゆ）,1.6033831955832347
星野温泉（ほしの）,1.6022723771030443
大塚温泉（おおつか）,1.6015195851786095
空庭温泉（そらにわ）,1.6000290429382993
磨洞温泉（まどう）,1.5999140177379574
大堀温泉（おおほり）,1.5990566047921515
渋温泉（しぶ）,1.5974122872739507
筑後川温泉（ちくごがわ）,1.5971542748442866
穴原温泉（あなばら）,1.5950188411955246
佐里温泉（さり）,1.5944891220435762
袋田温泉（ふくろだ）,1.594457406223866
箱根芦ノ湯温泉（はこねあしのゆ）,1.5931055726189363
赤水温泉（あかみず）,1.5930926759253468
仙石原姥子温泉（せんごくはらうばこ）,1.593014144845176
洞川温泉（どろがわ）,1.5909381280081314
新平湯温泉（奥飛騨温泉郷）（しんひらゆ（おくひだ））,1.590811057571779
九重温泉郷（くじゅう）,1.5904358875071793
伊勢原温泉（いせはら）,1.5898481676714462
塩川鉱泉（しおかわこうせん）,1.589780762399498
西丹沢・中川温泉（にしたんざわ・なかがわ）,1.5897256647547084
鶯宿温泉（おうしゅく）,1.589512494310998
はやぶさ温泉（はやぶさ）,1.5882503553702119
城島温泉（きじま）,1.5863446046908696
青羽根温泉（あおはね）,1.5856673229943241
尾之間温泉（おのあいだ）,1.5855047658347245
東大沼温泉（ひがしおおぬま）,1.5853256142714567
黒木温泉（くろき）,1.5850320142089276
植木温泉（うえき）,1.5839922798176607
二ノ平温泉（にのたいら）,1.58286214959726
種子島温泉（たねがしま）,1.5826342372517836
犬山温泉（いぬやま）,1.581921965537364
阿蘇高森温泉（阿蘇温泉郷）（あそたかもり（あそ））,1.5818202858954145
白岩温泉（しらいわ）,1.5816563866431252
作州武蔵温泉（さくしゅうむさし）,1.5807771171655571
銭川温泉（ぜにかわ）,1.5803898959829097
東尋坊温泉（とうじんぼう）,1.5791994057465017
榊原温泉（さかきばら）,1.5791323564031667
大原温泉（おおはら）,1.5788369136290592
網代温泉（あじろ）,1.5786415192118861
秋の宮温泉郷（あきのみや）,1.5779714939887064
夕日ヶ浦温泉（ゆうひがうら）,1.5774416502630502
下田蓮台寺温泉（しもだれんだいじ）,1.577095938617723
野々湯温泉（ののゆ）,1.5769938103723944
下部温泉（しもべ）,1.5767978946106476
宮沢温泉（みやざわ）,1.5767578469556673
信州よませ温泉（しんしゅうよませ）,1.5766731858776328
やぶ温泉（やぶ）,1.576162885155594
斐乃上温泉（ひのがみ）,1.5756873904273174
鞍馬温泉（くらま）,1.5756552955299092
田の原温泉（たのはら）,1.575237531672444
湯川内温泉（ゆがわち）,1.5742892045200916
信州まつかわ温泉（しんしゅうまつかわ）,1.574032233001893
三津浜・湯の花温泉（みとはま・ゆのはな）,1.5736807642275827
多摩源流小菅の湯（たまげんりゅうこすげのゆ）,1.5734741091126936
鳥羽安楽島温泉（とばあらしま）,1.5723871810446706
伊豆高原温泉（いずこうげん）,1.5714511175950368
二塚温泉（につか）,1.5708466202282068
富士田貫湖温泉（ふじたぬきこ）,1.5704981426580957
石和温泉（いさわ）,1.5698444881198699
西木温泉（にしき）,1.5693345511482473
るり温泉（るり）,1.5680846429446287
七城温泉（しちじょう）,1.5673534719828972
越後湯沢温泉（えちごゆざわ）,1.5657039201050473
郡山温泉（こおりやま）,1.5642764182728632
烏帽子岩温泉（えぼしいわ）,1.564105087858543
城崎円山川温泉（きのさきまるやまがわ）,1.5640294346631618
奥只見折立温泉（おくただみおりたて）,1.5640186803382738
匹見峡温泉（ひきみきょう）,1.563351981472551
猪の倉温泉（いのくら）,1.5626746240937919
小豆温泉（あずき）,1.5622675588583215
湯ノ浦温泉（ゆのうら）,1.5617387026809808
観音滝温泉（かんのんだき）,1.560802831330843
南木曽温泉（なぎそ）,1.560319305904079
高山龍神温泉（たかやまりゅうじん）,1.5596887647635058
川内市街地温泉（せんだいしがいち）,1.5596087420718712
あつぎ飯山温泉（あつぎいいやま）,1.5595485029644087
浜脇温泉（はまわき）,1.5588426647479072
霧島温泉郷（きりしま）,1.55879091968139
菊鹿温泉（きくか）,1.5582782785620606
浜の湯温泉（はまのゆ）,1.556762379512452
飯田城温泉（いいだじょう）,1.5566141192327465
湯来温泉（ゆき）,1.5554885172791648
八幡ひまわり温泉（やはたひまわり）,1.5549852889880798
神の宮温泉（かみのみや）,1.553463383594103
白馬かたくり温泉（はくばかたくり）,1.553069696091769
飛騨高山温泉（ひだたかやま）,1.5528203126108437
藺牟田温泉（いむた）,1.552456559141477
祁答院温泉（けどういん）,1.552108008087727
三富温泉郷（みとみ）,1.55073515077432
棚倉温泉（たなぐら）,1.5496337159082554
日置川温泉（ひきがわ）,1.5488214919703047
湯檜曽温泉（水上温泉郷）（ゆびそ（みなかみ））,1.5480165139102098
湯元帯広温泉（ゆもとおびひろ）,1.5474663265703017
能代温泉（のしろ）,1.5467170388029334
三ケ日温泉（みっかび）,1.5458532491587755
月夜野温泉（つきよの）,1.5448929354535383
南九州頴娃（みなみきゅうしゅう・えい）,1.5448543631978202
東トロコ温泉（ひがしとろこ）,1.5433763574089918
永源寺温泉（えいげんじ）,1.5428875546967773
鳴子温泉（鳴子温泉郷）（ナルコ）,1.542357584102112
水分温泉（みずわき）,1.5422268508557686
常盤温泉（ときわ）,1.5418319269491916
伊香保温泉（いかほ）,1.5416456264884848
トーカン岩手山温泉（とーかんいわてさん）,1.5409366210693853
青根温泉（あおね）,1.5402268350385782
越後中里温泉（えちごなかざと）,1.5383247547505194
鈴ヶ谷温泉（すずがたに）,1.5379441065485018
伊豆長岡温泉古奈（いずながおかこな）,1.5373853843724519
春日温泉（かすが）,1.5370040931853286
沓野温泉（くつの）,1.536443562753368
あづまね温泉（あづまね）,1.5357459739112016
網張温泉（あみはり）,1.535514971404745
岩下温泉（いわした）,1.5347921423483313
志摩・浜島温泉郷（しま・はまじま）,1.532993725125204
壁湯温泉（かべゆ）,1.5323169849682272
乗鞍温泉郷（のりくら）,1.5309468248957083
福光アローザ温泉（ふくみつあろーざ）,1.5304534147705946
伊豆駒の湯温泉（いずこまのゆ）,1.5295384301428208
日田温泉（ひた）,1.5284875763351458
飯山温泉（いいやま）,1.527836422151641
筋湯温泉（すじゆ）,1.5272801677908814
大町・籠川渓雲温泉（おおまちかごがわけいうん）,1.5252858030430057
天橋立・成相観音温泉（あまのはしだて・なりあいかんのん）,1.5246843223770459
別所温泉（神奈川県）（べっしょ）,1.5239819180468719
南さつま・知覧温泉（みなみさつま・ちらん）,1.523302302025912
吉松温泉郷（よしまつ）,1.5232104810706355
塚野鉱泉（つかのこうせん）,1.523173457959242
麻生釣温泉（阿蘇鶴温泉）（あそづる）,1.5218916667396563
秩父・西谷津温泉（ちちぶ・にしやつ）,1.52179636832392
まにわ温泉（まにわ）,1.5215970939188672
熊入温泉（くまいり）,1.5205107016260164
関空温泉（かんくう）,1.520397982837861
箱根強羅温泉（はこねごうら）,1.5198613742464469
神鍋温泉（かんなべ）,1.5197453234802212
秩父・四季彩乃湯温泉（ちちぶ・しきさいのゆ）,1.5196580724758013
湖山温泉（こやま）,1.5183261855129608
るり渓温泉（るりけい）,1.5144588546010485
熊野入鹿温泉（くまのいるか）,1.5127158645997967
真沢温泉（さなざわ）,1.5122384374078952
水上温泉（みなかみ）,1.5100494594427576
西大沼温泉（にしおおぬま）,1.5099077458705816
長島温泉（ながしま）,1.50721524054544
浜平温泉（はまびら）,1.5054273607960917
日奈久温泉（ひなぐ）,1.5050877178447288
作並温泉（さくなみ）,1.5046714346921235
神戸ハーバーランド温泉（こうべはーばーらんど）,1.503710163920595
椿温泉（南紀椿温泉）（なんきつばき）,1.502340376115682
淡路島・南淡路温泉郷（あわじしま・みなみあわじ）,1.502058916839591
乳頭温泉郷（にゅうとう）,1.4999815250436466
由布院温泉（湯布院）（ゆふいん）,1.4992134597217828
脇田温泉（わきた）,1.498021795430727
川治温泉（かわじ）,1.4974378279426641
長門湯本温泉（ながとゆもと）,1.4968341140632042
浅間温泉（あさま）,1.495514148029319
富良野島の下温泉（ふらのしまのした）,1.4931507864346105
内浦山温泉（うちうらやま）,1.492967098036356
塩河原温泉（しおがわら）,1.4910516227807915
八幡温泉（やはた）,1.4904344606033542
道後温泉（どうご）,1.4902492791675683
湯西川温泉（ゆにしがわ）,1.4896614075752725
俄虫温泉（がむし）,1.4876391886357674
当間高原温泉（あてまこうげん）,1.486637084238362
周防大島温泉（すおうおおしま）,1.4863599592394996
紀伊見温泉（きいみ）,1.4863465384224004
芦ノ湖温泉（あしのこ）,1.4838185305135292
御殿場乙女温泉乙女2号泉（ごてんばおとめおとめにごうせん）,1.4830469963581938
古湯温泉（ふるゆ）,1.4829814926835527
嬬恋バラギ温泉（つまごいばらぎ）,1.4827502576405542
高倉山温泉（たかくらやま）,1.4817483066989663
志戸平温泉（しどたいら）,1.4813428653175371
老神温泉（おいがみ）,1.4798327487027436
帯広駅前温泉（おびひろえきまえ）,1.4797263480069345
萩阿武川温泉（はぎあぶがわ）,1.4788070476630277
湯免温泉（ゆめん）,1.4776396099151226
桜川温泉（さくらがわ）,1.4770716639202937
観海寺温泉（別府温泉郷）（かんかいじ（べっぷ））,1.4765580012871509
姫木温泉（ひめき）,1.4759641850125373
生竜温泉（いきりゅう）,1.47592639674743
湯盛温泉（ゆもり）,1.4710574221977017
稲佐山温泉（いなさやま）,1.467118264943884
宝泉寺温泉（ほうせんじ）,1.463556866373932
鬼怒川温泉（きぬがわ）,1.4630800594101872
越前町糸生温泉（えちぜんちょういとう）,1.4626884659131367
美ヶ原温泉（うつくしがはら）,1.4623098768163145
宝来温泉（ほうらい）,1.4622485683413973
安比温泉（あっぴ）,1.461733774788547
安曇野みさと温泉（あずみのみさとおんんせん）,1.4613701213608707
猪苗代温泉（いなわしろ）,1.460730479997501
伊東市赤沢対島温泉（いとうしあかざわたじま）,1.460116264210981
平山温泉（ひらやま）,1.458712631019584
有福温泉（ありふく）,1.4570559493282385
湯浦温泉（ゆのうら）,1.4564686161384246
三朝温泉（みささ）,1.4546834484004136
嵐山渓谷温泉（らんざんけいこく）,1.4542904204705305
下田温泉（しもだ）,1.452856357944639
びわ湖おごと温泉（びわこおごと）,1.4523597444620049
梅ヶ島コンヤ温泉（うめがしまこんや）,1.4521880850457307
南小国温泉郷（みなみおぐに）,1.4519257144185533
箱根仙石原温泉（はこねせんごくばら）,1.4511646101610702
セキアヒルズ温泉（せきあひるず）,1.4505996851806053
七沢温泉（ななさわ）,1.4499656698735137
女鹿平温泉（めがひら）,1.4491579448967649
わいた温泉郷（わいた）,1.4491352172274339
星川温泉（ほしかわ）,1.4483695570052715
熱海伊豆山温泉（あたみいずさん）,1.44756501194155
八面山金色温泉（はちめんざんかないろ）,1.4473590873051108
庄原さくら温泉（しょうばらさくら）,1.4466442225272196
南紀勝浦温泉（なんきかつうら）,1.4441853250589287
新湯田中温泉（しんゆだなか）,1.4430863056005092
花巻南温泉峡渡り温泉（はなまきみなみきょうわたり）,1.4408883043287093
鵜の瀬温泉（水上温泉郷）（うのせ（みなかみ））,1.4403335678211429
別府温泉郷（べっぷ）,1.439928504066509
萩温泉郷（はぎ）,1.4399085682735107
小原温泉（おばら）,1.4396183618850875
あまるべ温泉(香住)（あまるべ（かすみ））,1.4360877950005886
本別温泉（ほんべつ）,1.4358042295564686
御殿場東田中温泉（ごてんばひがしたなか）,1.4356210290601379
奥橋立伊根温泉（おくはしだていね）,1.4345062805110949
湯浅温泉（ゆあさ）,1.4331210821605567
りんりんパークー温泉（りんりんぱーくー）,1.432700487997448
修善寺温泉（しゅぜんじ）,1.4308613372737902
天徳温泉（てんとく）,1.4288060324233876
津黒高原温泉（つぐろこうげん）,1.4287890884698482
本渡温泉（ほんど）,1.4249458107770534
宮ノ下温泉（みやのした）,1.4249428577328982
青荷温泉（あおに）,1.4248113066219446
伊豆片瀬温泉（いずかたせ）,1.4244496821050057
向山温泉（むこうやま）,1.4221320374493012
川崎有馬温泉（かわさきありま）,1.420269572421124
東神楽温泉（ひがしかぐら）,1.4180102656807814
柴石温泉（しばせき）,1.416558018509756
久山温泉（ひさやま）,1.413947179390673
神湯温泉（かみゆ）,1.4118784429472788
飯坂温泉（いいざか）,1.4098032272437162
城南温泉（じょうなん）,1.4088191508985404
川渡温泉（鳴子温泉郷）（かわたび（なるこ））,1.4079903850429936
房総白浜温泉（ぼうそうしらはま）,1.4073954482089008
小豆島温泉（しょうどしま）,1.4051453566603493
屋久島温泉（やくしま）,1.4026955161295962
雄阿寒温泉（おあかん）,1.4019287670390648
藤岡温泉（ふじおか）,1.4019084409402127
木賀温泉（きが）,1.3987198435423667
南房総岩井温泉（みなみぼうそういわい）,1.398486176211583
新十津川温泉（しんとつかわ）,1.384901212378029
形原温泉（かたはら）,1.3798741285215343
花巻温泉（はなまき）,1.3784548112174921
関平温泉（せきひら）,1.3778963789605256
神室温泉（かむろ）,1.377024945198444
天草苓北町麟泉の湯（あまくされいほくまちりんせんのゆ）,1.376067070845972
湯平温泉（ゆのひら）,1.3739823701611735
ウトロ温泉（うとろ）,1.371316062253818
飯森山温泉（いいもりやま）,1.3685919928707575
杖立温泉（つえだて）,1.364747238655885
寺泊岬温泉（てらどまりみさき）,1.3629259477581894
五十沢温泉（いかざわ）,1.36058991592116
御殿場高原温泉（ごてんばこうげん）,1.3581423096358776
伊豆白浜温泉（いずしらはま）,1.3577893516212178
帯広温泉（おびひろ）,1.355761613239322
離湖弁天温泉（はなれこべんてん）,1.3538128846047217
石切温泉（いしきり）,1.3511652315133498
黒川温泉（くろかわ）,1.3438673674276
さとわき湧玉の湯（さとわきわくたまのゆ）,1.328529835400874
勝浦万祝温泉（かつうらまいわい）,1.3282281679019594
河津温泉郷（かわづ）,1.325506646643605
がまの湯温泉（がまのゆ）,1.3164249409905129
千貫石温泉（せんがんいし）,1.3161347813381437
三瓶温泉（さんべ）,1.3146481268238603
宝川温泉（たからがわ）,1.303158676545871
くったり温泉（くったり）,1.3031538470664568
こうのとり温泉（こうのとり）,1.290098709756868
青梅石神温泉（おうめいしがみ）,1.2870163820814668
名張香落渓温泉（なばりこおちだに）,1.2837572918636235
小樽運河の湯（おたるうんがのゆ）,1.2829992211701577
田代温泉（たしろ）,1.281138702808765
穂高温泉郷（ほだか）,1.2794482643928444
高崎観音山温泉（たかさきかんのんやま）,1.2692616479961496
川根温泉（かわね）,1.2614513332383674
蔵王温泉（ざおう）,1.259350227551502
尾瀬片品温泉（おぜかたしな）,1.2587485420599318
堀田温泉（別府温泉郷）（ほりた（べっぷ））,1.2577832410471481
磯原温泉（いそはら）,1.256338803888413
屈斜路温泉（くっしゃろ）,1.2549369937756605
層雲峡温泉（そううんきょう）,1.2547736472466535
鳥海温泉（ちょうかい）,1.2547644456489044
ニセコ昆布温泉（こんぶ）,1.2541548843707955
湯田川温泉（ゆだがわ）,1.2538199375073116
神野温泉（久美の浜温泉郷）（じんの（くみのはま））,1.2514008690129246
谷山温泉（たにやま）,1.2509723615489508
海若温泉（わたつみ）,1.2478541556732696
浮島温泉（ふとう）,1.246702947768203
小室温泉（こむろ）,1.2461311215894264
乗鞍高原温泉（のりくらこうげん）,1.2448788855159492
湯山温泉（ゆやま）,1.2446773160706486
奥道後温泉（おくどうご）,1.2409252683844483
丹後奥伊根温泉（たんごおくいね）,1.2392509260721374
弥彦温泉（やひこ）,1.2377715404880674
大玉温泉（おおたま）,1.2355005560736907
南田温泉（みなみだ）,1.2353685464252506
新大秋温泉（しんたいあき）,1.2350790054913152
さくらんぼ東根温泉（さくらんぼひがしね）,1.2340628366198456
矢原温泉（やわら）,1.233477694684999
道志の湯温泉（どうしのゆ）,1.2324092638205018
高湯温泉（たかゆ）,1.2313733115269425
咲花温泉（さきはな）,1.2305532343554915
倉真温泉（くらみ）,1.2296561871965725
たまゆら温泉（たまゆら）,1.228384236625412
宮城野温泉（みやぎの）,1.225960154805267
黒磯温泉（くろいそ）,1.2241680855866064
高瀬温泉（たかせ）,1.2234923038304897
一関温泉郷（いちのせき）,1.2234554394033919
浜坂温泉郷（はまさか）,1.2228209618152233
定山渓温泉（じょうざんけい）,1.222661467236385
九酔渓温泉（きゅうすいけい）,1.2213281705452685
小布施温泉（おぶせ）,1.2209405672916196
白石温泉（しろいし）,1.2197597677770413
岡山空港温泉（おかやまくうこう）,1.2194566057439435
桃の木温泉（もものき）,1.219444574363399
底倉温泉（そこくら）,1.2185999573322763
皆生温泉（かいけ）,1.2185093170979566
河口湖温泉郷（かわぐちこ）,1.2182389308224644
石道温泉（いしみち）,1.2166261603696304
幕別温泉（まくべつ）,1.2151620757945798
木曽温泉（きそ）,1.214866333232637
厳美渓温泉（げんびけい）,1.2146576292682112
梨木温泉（なしぎ）,1.2120662393015726
永岡温泉（ながおか）,1.2113020081530537
美留和温泉（びるわ）,1.2102125411232312
人吉温泉（ひとよし）,1.2101632457291869
衣笠温泉（きぬがさ）,1.209003007064263
大山温泉（だいせん）,1.20843501951088
小野川温泉（おのがわ）,1.2082409112338435
登別温泉（のぼりべつ）,1.2035917739073436
瀬波温泉（せなみ）,1.2030516222380754
菊南温泉（きくなん）,1.2021397272484344
嵐山嵯峨野温泉（あらしやまさがの）,1.2014671319670844
南熱海（伊豆多賀）温泉（みなみあたみ（いずたが））,1.2011830771439953
くらま温泉（くらま）,1.198109522984739
神の湯温泉（かみのゆ）,1.197955897241308
白川温泉（山形）（しらかわ）,1.1976184080305852
七釜温泉（しちかま）,1.1953045291858808
泉（伊豆湯河原）温泉（いずみ（いずゆがわら））,1.1952572698917305
御神楽温泉（みかぐら）,1.1947245693259072
神代温泉（じんだい）,1.194110673880368
天城湯ヶ島温泉（あまぎゆがしま）,1.192304450691792
英彦山温泉（ひこさん）,1.1870126925722548
湯の児温泉（ゆのこ）,1.1864640197732992
禰宜ノ畑温泉（ねぎのはた）,1.1850943844569357
甲斐大泉温泉（かいおおいずみ）,1.1849039407414301
天草下田温泉（あまくさしもだ）,1.1836836619073883
城山温泉（しろやま）,1.1814850402767199
塩別温泉（しおべつ）,1.1813148796035533
新穂高温泉（しんほたか）,1.179435659918869
峠の湯（とうげのゆ）,1.1790816945987836
久美浜シーサイド温泉（くみはましーさいど）,1.1778398845018
志賀の郷温泉（しかのさと）,1.1774051822068399
寒水沢温泉（かんすいざわ）,1.1770815960409349
聖籠温泉（せいろう）,1.175973390931623
塩原温泉（しおばら）,1.1757614050518002
恵山温泉郷（えさん）,1.1752756382420397
白田温泉（しらた）,1.1746799768063059
一里野温泉（いちりの）,1.174146594447002
松之山温泉（まつのやま）,1.1737012303712075
戸倉上山田温泉（とぐらかみやまだ）,1.1736592510551738
猪苗代四季の湯温泉（いなわしろしきのゆ）,1.1719280095738276
相間川温泉（あいまがわ）,1.1707980869370596
たんげ温泉（たんげ）,1.1701615671055359
はまなす温泉（はまなす）,1.1693874384279836
小湊温泉（こみなと）,1.1679902847921637
笹谷温泉（ささや）,1.1679526553080792
剣淵温泉（けんぶち）,1.167265978120921
八木沢温泉（やぎさわ）,1.1662572868037642
紀州みなべ千里浜温泉（きしゅうみなべせんりはま）,1.1657998289978295
紋別温泉（もんべつ）,1.1656498818805343
西山温泉（にしやま）,1.1651321024748318
熱塩温泉（あつしお）,1.1650833849582756
鶴巻温泉（つるまき）,1.1629840165638086
ひよし温泉（ひよし）,1.1625666264117809
赤穂温泉（あこう）,1.161796717920847
上の湯温泉郷（かみのゆ）,1.1615693854135378
入広瀬ニュー浅草岳温泉（いりひろせにゅーあさくさだけ）,1.1614178190367264
稲子川温泉（いなごかわ）,1.1608417147345709
蓼科三室温泉（たてしなみむろ）,1.1598969681482565
雄踏温泉（ゆうとう）,1.1576132686776026
男鹿温泉（おが）,1.1574280711642482
高山温泉（たかやま）,1.1570046962353222
竹倉温泉（たけくら）,1.1562648895278311
白浜野嶋温泉（しらはまのじま）,1.1561587326097906
三崎温泉（みさき）,1.155496766039154
口坂本温泉（くちさかもと）,1.1547392670914791
千頭温泉（せんず）,1.1547255163130008
佐野川温泉（さのがわ）,1.154433870393979
あしずり温泉郷（あしずり）,1.154156779641645
下賀茂温泉（しもかも）,1.1536955012564072
広田温泉（ひろた）,1.153481920560201
養老牛温泉（ようろううし）,1.1531263528424398
清里高原KEEP温泉（きよさとこうげんきーぷ）,1.1525404514712199
桃沢温泉（ももさわ）,1.1522096233409747
接岨峡温泉（せっそきょう）,1.1519675282271284
石井温泉（いしい）,1.1519512936734315
小浜温泉（おばま）,1.151438521188602
岳温泉（だけ）,1.1508975560989296
野迫川温泉（のせがわ）,1.150761563827594
雲母温泉（きら）,1.150490676755445
旭岳温泉（あさひだけ）,1.1498766551937973
白馬龍神温泉（はくばりゅうじん）,1.149261087048472
湯坪温泉（ゆつぼ）,1.1481624550202436
今板温泉（五頭温泉郷）（いまいた（ごず））,1.147454400334442
寄居山温泉（よりいやま）,1.146965041625918
ニセコ薬師温泉（にせこやくし）,1.1462838777847457
板留温泉（いたどめ）,1.1457674254973729
五浦温泉（いつうら）,1.144539180293418
上牧温泉（かみもく）,1.1438412335619592
西合志温泉（にしごうし）,1.1434011148256167
平潟港温泉（ひらがた）,1.1433224233618953
土肥温泉（とい）,1.1431262562410873
用井温泉（もちい）,1.1429817451719653
南知多山海温泉（みなみちたやまみ）,1.1422291808483893
柿野温泉（かきの）,1.14118405026302
ねじめ温泉（ねじめ）,1.14065004231637
伊勢志摩賢島温泉（いせしまかしこじま）,1.1399374442142352
明石温泉（あかし）,1.1396360086244448
奥日光湯元温泉（おくにっこうゆもと）,1.1389768890905798
光徳温泉（こうとく）,1.1388560696913483
白馬姫川温泉（はくばひめかわ）,1.1388427122381697
龍温泉（りゅう）,1.1386564390962584
滑川温泉（なめかわ）,1.1377872078303706
枝幸温泉（えさし）,1.1367218897008058
秋保温泉（あきう）,1.1362989604995961
姫川温泉（ひめかわ）,1.135677230854829
猫魔温泉（ねこま）,1.1339144985142506
ニセコワイス高原温泉（にせこわいすこうげん）,1.1338368864697321
和倉温泉（わくら）,1.1336349322084793
月岡温泉（つきおか）,1.1336111366225963
青島温泉（あおしま）,1.1320251029050141
南阿蘇栃木温泉（みなみあそとちのき）,1.1308787097794968
阿蘇温泉（あそ）,1.128934389927931
塩ノ沢温泉（しおのさわ）,1.1283413158696993
あいのの温泉（あいのの）,1.1283412322140578
あわら温泉（芦原温泉）（あわら）,1.1282748790425166
七滝温泉（河津温泉郷）（ななだる（かわづ））,1.12769546464347
三川温泉（みかわ）,1.1272540246708351
榛名湖温泉（はるなこ）,1.1258051651611662
標津川温泉（しべつがわ）,1.1247480869554636
温井温泉（ぬくい）,1.1246433996579104
滝沢温泉（たきざわ）,1.1243636065669227
佐渡加茂湖温泉（さどかもこ）,1.1242419632903315
照島温泉（てるしま）,1.1241608015277929
真木温泉（まぎ）,1.1234536651979412
清里温泉（きよさと）,1.1232296787855918
梅木温泉（うめき）,1.1213645255356504
大滝温泉（河津温泉郷）（おおだる（かわづ））,1.1208359555978524
法泉寺温泉（ほうせんじ）,1.1205676695939741
鹿部温泉（しかべ）,1.1188931679516507
祭畤温泉（まつるべ）,1.118712032913116
亀山温泉（かめやま）,1.118511199428324
久美浜神の温泉（かんの）,1.1182152266826546
木更津温泉（きさらづ）,1.1180992611406142
白馬乗鞍温泉（はくばのりくら）,1.1168644619092607
十勝岳温泉（とかちだけ）,1.1164962879398412
石狩太美温泉（いしかりふとみ）,1.1160382454593976
長島温泉（鹿児島県）（ながしま）,1.1155933375682747
天然中伊豆温泉（てんねんなかいず）,1.114976242053927
四万温泉（しま）,1.114909065658586
粟津温泉（あわづ）,1.114835010416675
蓬来温泉（よもぎひら）,1.1146000423713733
みはらし温泉（みはらし）,1.1143082722760085
笹倉温泉（ささくら）,1.1140546726814486
まつだい芝峠温泉（まつだいしばとうげ）,1.1139440107763858
青木鉱泉（あおきこうせん）,1.1137841726865685
大仁温泉（おおひと）,1.1137659807215656
深沢温泉（山梨県）（ふかさわ）,1.113655187320291
松泉宮温泉（しょうせんきゅう）,1.1133448135957382
焼津温泉（やいづ）,1.1131374999357944
奥蓼科温泉郷（おくたてしな）,1.11294279156024
八丁浜小浜温泉（はっちょうはまこばま）,1.1127230272742739
小野小町温泉（おののこまち）,1.1118063325421852
笹原温泉（河津）（ささはら（かわづ））,1.1118006060520809
五條リバーサイド温泉（ごじょうりばーさいど）,1.1116429568644155
鳩の湯温泉（はとのゆ）,1.1115177141731245
十和田湖西湖畔温泉（とわだこにしこはん）,1.1108859458513427
十和田大湯温泉（とわだおおゆ）,1.110696698751366
磯部温泉（いそべ）,1.1102712835397637
祖谷渓温泉（いやけい）,1.10969504134174
宇佐美温泉（うさみ）,1.1096208627548134
猿投温泉（さなげ）,1.108991427118318
芦別温泉（あしべつ）,1.108739805848975
武雄温泉（たけお）,1.1082969428154459
桜島マグマ温泉（さくらじままぐま）,1.107804584529316
月の湯温泉（つきのゆ）,1.1077124774456024
湯ヶ野温泉（ゆがの）,1.107671178354506
山香温泉（やまが）,1.1075593729813893
吾妻峡温泉（あがつまきょう）,1.1074450638210565
鬼押温泉（おにおし）,1.1069563359283565
龍神温泉（りゅうじん）,1.1068914421556288
宮浜温泉（みやはま）,1.1060227938649947
下風呂温泉郷（しもふろ）,1.1056819688855557
佐久一萬里温泉（さくいちまんり）,1.1053394727539598
谷津温泉（やつ）,1.1048324487188406
かつらぎ温泉（かつらぎ）,1.1047770401887727
大島鉱泉温泉（おしまこうせん）,1.1047753106083786
嬉野温泉（うれしの）,1.104640256678849
上越・安塚雪だるま温泉（じょうえつ・やすづかゆきだるま）,1.1032319568228304
今井浜温泉（いまいはま）,1.1028482591112454
草津温泉（くさつ）,1.1026900814029208
天降川温泉（あもりがわ）,1.101696283278758
よさこい温泉（よさこい）,1.1013362602445116
託麻温泉（たくま）,1.101218049463473
妙高高原池の平温泉（みょうこうこうげんいけのたいら）,1.100852615216322
鶴ノ湯温泉（つるのゆ）,1.1001985738413376
中津川温泉（なかつがわ）,1.1000322517857217
平磯温泉（ひらいそ）,1.0997754149792487
大深温泉（おおぶか）,1.0987319780284899
寺泊温泉（てらどまり）,1.097887352762515
久美浜温泉（久美の浜温泉郷）（くみのはま（くみのはま））,1.0976317123624315
御湯船温泉（おゆぶね）,1.097444943168707
湯の山温泉（ゆのやま）,1.0969411651032013
大沢温泉（おおさわ）,1.0965649150965506
南熱海網代山温泉（みなみあたみあじろやま）,1.096252625187238
蓼科温泉（たてしな）,1.0938312369480467
田沢湖高原温泉郷（たざわここうげん）,1.0938197457999514
夏油温泉（げとう）,1.092593526238935
山川温泉（やまかわ）,1.092525045207718
金矢温泉（かなや）,1.092125614876287
佐賀大和温泉（さがやまと）,1.0919668316318276
白峰温泉（しらみね）,1.0916670485023865
昆布川温泉（こんぶがわ）,1.0914152681566123
瀬戸大橋温泉（せとおおはし）,1.0913989828866824
奈良田の里温泉（ならたのさと）,1.0913869474540676
りょうぜん新温泉（りょうぜんしん）,1.0909538977501685
天津小湊温泉（あまつこみなと）,1.0908552622585965
岩室温泉（いわむろ）,1.0904210886934347
しあわせ温泉（しあわせ）,1.0902201735921073
新川温泉（新川渓谷温泉郷）（しんかわ（しんかわけいこく））,1.0896375762266024
二見温泉（ふたみ）,1.0896212653371327
はげの湯温泉（はげのゆ）,1.0887386028965313
新居浜温泉（静岡県）（あらいはま）,1.0884265568956994
苗場三国峠温泉（なえばみくにとうげ）,1.08761189276712
指宿温泉（いぶすき）,1.0875119310722017
岳の湯温泉（熊本県）（たけのゆ）,1.0869901080926259
十谷温泉（じっこく）,1.0864815755763597
富士見温泉見晴らしの湯（ふじみみはらしのゆ）,1.0857067918568326
奥嬬恋温泉（おくつまごい）,1.085420477024296
天然大和温泉（てんねんやまと）,1.0853981906384753
淡路島うずしお温泉（あわじしまうずしお）,1.085097040999354
鴻の鶴温泉（丹後町間人温泉郷）（こうのつる（たんごちょうたいざ））,1.0848719123424144
温泉センター諏訪の湯（せんたーすわのゆ）,1.0846448855703337
大沢山温泉（おおさわやま）,1.0843958367119755
白浜女来島温泉（しらはまめらいじま）,1.0827517323849494
牧の戸温泉（まきのと）,1.0824091092013475
鵜原温泉（うばら）,1.0820909443131663
温根湯温泉（おんねゆ）,1.0819158496563894
浜詰温泉（はまづめ）,1.0815635667296877
地獄谷温泉（熊本県）（じごくだに）,1.0807490751408693
山田温泉（やまだ）,1.080549033979575
大川温泉（おおかわ）,1.0795731111838107
玉川温泉（たまがわ）,1.0793345933551328
鯨波松島温泉（くじらなみまつしま）,1.0782351049414851
雲仙温泉（うんぜん）,1.0779087463753265
利尻富士温泉（りしりふじ）,1.077527528792097
猫啼温泉（ねこなき）,1.0773832596707762
妙高高原燕温泉（みょうこうこうげんつばめ）,1.0768427435766186
西会津温泉（にしあいづ）,1.0765714573494174
南紀白浜温泉（なんきしらはま）,1.0765259241064389
ニセコ温泉郷（にせこ）,1.0764252949963535
鰻温泉（うなぎ）,1.0763867154978868
竹野浜海岸(奥城崎温泉)（たけのはま（おくきのさき））,1.075480635098198
湯端温泉（ゆばた）,1.0742968056808437
上畑温泉（かみはた）,1.0740735844561928
南幌温泉（なんぽろ）,1.0740204713585084
熊の湯ほたる温泉（くまのゆほたる）,1.0735566493189126
辰口温泉（たつのくち）,1.0725087816255134
川中温泉（かわなか）,1.0722178735753947
丹後はなれ湖温泉（たんごはなれこ）,1.0721292451285478
安比高原温泉郷（あっぴこうげん）,1.0720634813371457
宇久須温泉（うぐす）,1.0719321902122414
田牛温泉（とうじ）,1.07172716748819
秩父高篠鉱泉郷（ちちぶたかしのこうせんきょう）,1.07169002508908
武田尾温泉（たけだお）,1.0715758203153025
つつじの湯（つつじのゆ）,1.0715463446420534
五色温泉（北海道）（ごしき）,1.0715425507279863
歌登温泉（うたのぼり）,1.071042300708461
鞆の浦温泉（とものうら）,1.0705916292050428
富良野温泉（ふらの）,1.0698978029060782
宮津羽衣温泉（宮津の湯らゆら）（みやづはごろも）,1.0695984381855579
赤城温泉（あかぎ）,1.0690621006907077
落合温泉（おちあい）,1.0690077819060861
生地温泉（いくじ）,1.0689832735479923
大雪高原温泉（だいせつこうげん）,1.0687765527451247
氷見温泉郷（ひみ）,1.0679261502728128
犬吠埼温泉（いぬぼうさき）,1.0679165645126711
栗山温泉（くりやま）,1.0675923158986527
湯の峰温泉（ゆのみね）,1.067214686488896
平山・北沼上温泉（ひらやま・きたぬまがみ）,1.0666768805761087
白金温泉（しろがね）,1.0666476231918
大湯温泉（おおゆ）,1.065317771021734
ほったらかし温泉（ほったらかし）,1.0650325952261164
宝塚温泉（たからづか）,1.0633650236485297
麒麟山温泉（きりんざん）,1.0632445701120192
霧積温泉（きりづみ）,1.0628198756460558
鶴居温泉（つるい）,1.0624924708615269
天城・持越温泉（あまぎ・もちこし）,1.0623847138986253
湯之尾温泉（ゆのお）,1.062291631442413
鳥取温泉（とっとり）,1.062160560436416
大洗温泉（おおあらい）,1.0618266465893962
千倉元湯温泉（ちくらゆもと）,1.06122636664332
花咲温泉（はなさく）,1.0609670267031903
笠置温泉（かさぎ）,1.0607519273956616
牛滝温泉（うしたき）,1.0602506224000663
湖尻温泉（こじり）,1.0600090347099722
塩江温泉（しおのえ）,1.059924426700985
猿川温泉（さるかわ）,1.0591836668420256
三保はごろも温泉（みほはごろも）,1.0590110300925741
みちのく城址温泉（みちのくじょうし）,1.058871709856025
井頭温泉（いがしら）,1.0587924682257468
湯田中温泉（ゆだなか）,1.058712980726309
中禅寺温泉（ちゅうぜんじ）,1.0582933157943843
土佐龍温泉（とさりゅう）,1.057308388253053
新川渓谷温泉郷（しんかわけいこく）,1.0566016576792063
野栗沢温泉（のぐりさわ）,1.0563282192799082
東郷温泉（とうごう）,1.0562538518978837
小田温泉（おだ）,1.055976824410129
梅ヶ島新田温泉（うめがしましんでん）,1.0547940745426896
岩尾別温泉（いわおべつ）,1.0539232698971766
濁河温泉（にごりご）,1.053706718772127
南霧島隼人温泉（みなみきりしまはやと）,1.0533219999963777
長生温泉（ちょうせい）,1.0530234060266561
栄之尾温泉（霧島温泉郷）（さかえのお（きりしま））,1.0528755418041296
古里温泉（ふるさと）,1.0528548250072882
山中温泉（加賀温泉郷）（やまなか（かが））,1.05260771970477
妙見温泉（みょうけん）,1.052219451519481
紀州温泉（きしゅう）,1.0519957415628851
横手駅前温泉（よこてえきまえ）,1.0518387590061153
吉良温泉（きら）,1.0517857057744997
金ヶ崎温泉（かながさき）,1.0512137376425559
大船上の湯温泉（おおふなかみのゆ）,1.0506276294850465
雫石高倉温泉（しずくいしたかくら）,1.0503532671483984
波賀温泉（はが）,1.0501726639636777
倶知安温泉（くっちゃん）,1.0501706543983074
渡瀬温泉（わたぜ）,1.0497427624568605
苫田温泉（とまだ）,1.0495126371582348
南木曽富貴畑高原温泉郷（なぎそふきばたこうげん）,1.0494883077447874
鯵ヶ沢高原温泉（あじがさわこうげん）,1.0494810368931085
十枚荘温泉（じゅうまいそう）,1.049390833890229
ぬかびら源泉郷（ぬかびらげんせんきょう）,1.049337515966934
女川温泉（おながわ）,1.0491958005255775
内海温泉（うつみ）,1.0491673992129793
坂本温泉（さかもと）,1.048675403652484
貝掛温泉（かいかけ）,1.0483061413754498
新湯温泉（しんゆ）,1.0482893537795335
一本松温泉（いっぽんまつ）,1.048159417614602
上の原温泉（水上温泉郷）（うえのはら（みなかみ））,1.0479886154072326
松任海浜温泉（まっとうかいひん）,1.0479117162656366
天草弓ヶ浜温泉（あまくさゆみがはま）,1.0476701394246337
タングラム斑尾温泉（たんぐらむまだらお）,1.0470044893915194
佐津温泉（さづ）,1.0469395579737528
芦安温泉（あしやす）,1.0462707451038193
熱海温泉（あたみ）,1.0461659770001446
臼杵温泉（うすき）,1.044969044756471
片山津温泉（加賀温泉郷）（かたやまづ（かが））,1.0449387429837595
安楽温泉（新川渓谷温泉）（あんらく（しんかわけいこくきょう））,1.0446398664723362
万座温泉（まんざ）,1.0442917220163763
いわない温泉（いわない）,1.0440261381694622
鳴沢村天然温泉（なるさわむらてんねん）,1.0440189695933408
気仙沼温泉（けせんぬま）,1.0433237257233836
綾部・福知山温泉（あやべふくちやま）,1.0432603960497338
虎杖浜温泉郷（こじょうはま）,1.0431030213571433
鹿屋大平温泉（かのやたいへい）,1.0425044141317668
扇温泉（おうぎ）,1.0422933088582857
湯泉地温泉（とうせんじ）,1.0421829959541036
大子温泉（だいご）,1.0418132969684768
塩山温泉（えんざん）,1.04160498030353
丹後温泉（たんご）,1.0414649066433572
八雲温泉（やくも）,1.0412339581209318
北広島温泉（きたひろしま）,1.0411960503511262
トムラウシ温泉（とむらうし）,1.0411505325321564
休暇村鹿沢高原雲井の湯（きゅうかむらかざわこうげんくもいのゆ）,1.0408684040109317
奥伊根温泉（おくいね）,1.040628750726842
ニセコ黄金温泉（にせここがね）,1.0405109056778121
上九の湯（かみくのゆ）,1.0398887371023495
半出来・吾妻温泉（はんでき・あがつま）,1.0396416809475213
いろは島温泉（いろはじま）,1.0393132229776758
赤沢温泉（あかざわ）,1.0388207026479537
比羅夫温泉（ひらふ）,1.0382276556470937
川古温泉（かわふる）,1.03751757374981
馬場の湯温泉（ばばのゆ）,1.0375138045402994
みくりが池温泉（みくりがいけ）,1.0374660816108972
夢絃峡温泉（むげんきょう）,1.0373825119775637
赤倉温泉（あかくら）,1.0367928072810173
湯野浜温泉（ゆのはま）,1.0365378380867472
会津神指温泉（あいづこうざし）,1.0364574478906496
はぎ温泉（はぎ）,1.0362113540371258
酸ヶ湯温泉（すかゆ）,1.0355033351663958
大歩危祖谷阿波温泉（おおぼけいやあわ）,1.0353929395215553
奥白馬温泉（おくはくば）,1.0345644545659685
川尻温泉（かわりし）,1.03449123418122
奥鬼怒温泉郷（おくきぬ）,1.0338064599455448
七里田温泉（しちりだ）,1.0336835278492225
栗野岳温泉（くりのだけ）,1.0332529880760009
丹後松島温泉（たんごまつしま）,1.0326697127076616
天童温泉（てんどう）,1.0326118095402133
城ケ崎温泉（じょうがさき）,1.03228630151665
牛岳温泉（うしだけ）,1.032286040746329
野沢温泉（のざわ）,1.0320597430854512
早雲山温泉（そううんざん）,1.031713718515739
伏見温泉（ふしみ）,1.0314901139129673
赤湯温泉（あかゆ）,1.0314650859749108
丸尾温泉（まるお）,1.031267022093137
日之出温泉（新川渓谷温泉郷）（ひので（しんかわけいこく））,1.0312545235481179
上林温泉（かんばやし）,1.0312489901195492
南房総白浜温泉（みなみぼうそうしらはま）,1.030802690538398
益子温泉（ましこ）,1.03075908530961
奥軽井沢温泉（おくかるいざわ）,1.0307318515944899
白浜元湯温泉（しらはまもとゆ）,1.0305989379422706
諏訪温泉（すわ）,1.0305760383867382
河口湖温泉（かわぐちこ）,1.0302796029208
堂ヶ島温泉（どうがしま）,1.0299686984273424
別所温泉（べっしょ）,1.0299174454912805
裾花温泉（すそばな）,1.0298486550649006
たてやま温泉郷（たてやま）,1.0286523929813451
八雲温泉（北海道）（やくも）,1.0282954313514525
柳川温泉（やながわ）,1.0280188732502753
志賀高原幕岩温泉（しがこうげんまくいわ）,1.0279777178116012
松江しんじ湖温泉（まつえしんじこ）,1.0278824298528204
周防大島片添ヶ浜温泉（すおうおおしまかたそいがはま）,1.0278212634617823
あじ温泉（あじ）,1.0277711747769724
草塩温泉（くさしお）,1.0275018166816026
摩周温泉（ましゅう）,1.0272419302348506
大磯温泉（おおいそ）,1.0271193677918953
大神温泉（おおがみ）,1.0267157686645523
小土肥温泉（おどい）,1.02649756821624
ナウマン温泉（なうまん）,1.0258605733775257
箱根大平台温泉（はこねおおひらだい）,1.025260845950821
湯らゆら温泉郷（ゆらゆら）,1.0251311207549614
丸駒温泉（まるこま）,1.0251126358645004
ニセコ駅前温泉（にせこえきまえ）,1.0248420872447783
大沢温泉（兵庫県）（おおぞう）,1.0248066130698772
六ケ迫鉱泉（鷺ヶ迫温泉）（ろっかさここうせん）,1.0247170233674217
天草温泉（あまくさ）,1.0245109387395674
由良温泉（ゆら）,1.024067505540555
那須湯本温泉（なすゆもと）,1.023794572081482
鹿児島温泉（かごしま）,1.0237670531659795
津南温泉（つなん）,1.023470342420695
計石温泉（はかりいし）,1.0226960569097285
千里浜やわらぎ温泉（ちりはまやわらぎ）,1.0226591294794751
桜田温泉（さくらだ）,1.022627603066595
泉ヶ岳温泉（いずみがたけ）,1.0225991013280131
箱根仙石原俵石温泉（はこねせんごくはらひょうせき）,1.0224871590994953
長湯温泉（ながゆ）,1.0221927364667256
肘折温泉（ひじおり）,1.0221480646154337
伏尾温泉（ふしお）,1.0220440746399393
有村温泉（ありむら）,1.022018526834354
湯村温泉（ゆむら）,1.021754400379825
日出温泉（ひじ）,1.0217454251751565
船尾の湯（ふなおのゆ）,1.021648419792192
冷川温泉（ひえかわ）,1.0212362000816746
硫黄谷温泉（いおうだに）,1.0211982937497004
白浜温泉（しらはま）,1.021154176901307
有田温泉（ありた）,1.0210597840578932
三内峡温泉（さんないきょう）,1.0203060733906009
田万川温泉（たまがわ）,1.0202304488211347
湯沢温泉（ゆざわ）,1.0196779695780653
犬鳴山温泉（いぬなきやま）,1.0192224311462619
大牧温泉（おおまき）,1.0192182858784993
ニセコ湯本温泉（にせこゆもと）,1.019199628840413
新玉川温泉（しんたまがわ）,1.019070419303158
碁点温泉（ごてん）,1.0187888018656195
雲見温泉（くもみ）,1.0183117584439745
こんぴら温泉郷（こんぴら）,1.0180145151782454
金桁温泉（かなけた）,1.017662494328984
丹後琴引温泉（たんごことびき）,1.0172861440662753
南紀田辺温泉（なんきたなべ）,1.0172731070011332
天橋立・宮津温泉ピント湯（あまのはしだて・みやづぴんとゆ）,1.0166434934526158
錦帯橋温泉（きんたいきょう）,1.0162434716496551
ニセコ東山温泉（にせこひがしやま）,1.0158397542280062
浅間隠温泉郷（あさまかくし）,1.0152105158358289
紫尾温泉（しび）,1.0150690821231456
串本温泉（くしもと）,1.0146654344964445
川湯温泉（かわゆ）,1.0136160142066186
湯之野温泉（ゆのの）,1.013439127881276
湯迫温泉（ゆば）,1.013346191822437
おのがみ温泉（おのがみ）,1.0131778825531925
赤川温泉（あかがわ）,1.0123714070048249
磐梯猪苗代はやま温泉（ばんだいいなわしろはやま）,1.0121625084103198
奥州平泉温泉（おうしゅうひらいずみ）,1.0116071349434685
甲賀温泉（こうが）,1.0113374537281823
川口温泉（かわぐち）,1.011252478680067
新鹿沢温泉（しんかざわ）,1.0112083156903584
いわき塩屋崎温泉（いわきしおやざき）,1.0110068925117193
朝里川温泉（あさりがわ）,1.010669913992547
吹上温泉（鹿児島県）（ふきあげ）,1.0104300837244904
法能温泉（ほうのう）,1.0100905105733033
昼神温泉（ひるがみ）,1.0090875102762589
稲荷山温泉（いなりやま）,1.0089871309566916
南知多温泉郷（みなみちた）,1.0089658677839397
佐伯温泉（さいき）,1.0085508015594984
久木野温泉（くぎの）,1.008524068092045
愛山渓温泉（あいざんけい）,1.0082249024458099
三翠園温泉（さんすいえん）,1.0080719055575236
阿知須温泉（あじす）,1.0080505285346717
岩手湯本温泉（いわてゆもと）,1.008049021687424
白子温泉（しらこ）,1.0077112707913967
大胡温泉（おおご）,1.0076131066470815
太良竹崎温泉（たらたけさき）,1.0070587171797165
すさみ温泉（すさみ）,1.00667464680839
佐渡島椎崎温泉（さどがしましいざき）,1.006639076560213
大分市内温泉（おおいたしない）,1.0065614881745555
大塩裏磐梯温泉（おおしおうらばんだい）,1.0063111716718005
北白川天然ラジウム温泉（きたしらかわてんねんらじうむ）,1.0060609271913243
千倉海岸温泉（ちくらかいがん）,1.0057393789552804
伊勢志摩磯部わたかの温泉（いせしまいそべわたかの）,1.0053878044872953
石部温泉（いしぶ）,1.0052352973766494
玉造温泉（たまつくり）,1.0051849521043008
熊の湯硯川温泉（くまのゆすずりかわ）,1.0049104779435876
桃山温泉（ももやま）,1.0047074315840738
ニセコアンヌプリ温泉（にせこあんぬぷり）,1.004260154016185
西海橋温泉（さいかいばし）,1.0035626479146773
十津川温泉（とつがわ）,1.0035097240878825
海潟温泉（かいかた）,1.0034321757000788
一勝地温泉（いっちょうち）,1.0032358803508574
筌ノ口温泉（うけのくち）,1.0032104460293785
恵那峡温泉（えなきょう）,1.0030346771604135
小田原温泉（おだわら）,1.0030334378805077
湯屋温泉（ゆや）,1.002511549283538
くにさき六郷温泉（くにさきろくごう）,1.002221300283022
和歌の浦温泉（わかのうら）,1.0015266065796216
輪島温泉（わじま）,1.0014256691200691
神戸須磨温泉（こうべすま）,1.0011036300606895
地獄温泉（じごく）,1.0006960792499677
稲取温泉（いなとり）,1.0004452410758586
見奈良天然温泉（みならてんねん）,0.9996304717241673
増富ラジウム温泉（ますとみらじうむ）,0.9995627638540769
ルスツ温泉（るすつ）,0.9993867186600702
盃温泉郷（さかずき）,0.9989972077963645
神山温泉（かみやま）,0.9989855158747287
然別湖畔温泉（しかりべつこはん）,0.9988463190302515
阿久根温泉（あくね）,0.9978666837539589
岩井湯元温泉（いわいゆもと）,0.9974585895737011
きのえ温泉（きのえ）,0.9971243988787919
長良川温泉（ながらがわ）,0.9970696876969254
えびの高原温泉（えびのこうげん）,0.9969836660383041
湯川温泉（ゆがわ）,0.9964527874662163
宇佐温泉（うさ）,0.9964449098497106
合志温泉（こうし）,0.9961491327798159
川内高城温泉（せんだいたき）,0.9960658576404839
たつの荒神山温泉（たつのこうじんやま）,0.9959616086775795
志摩奥志摩温泉（しまおくしま）,0.9957036904075689
馬門温泉（まかど）,0.9946330011936655
白金温泉黄金の湯（しろかねこがねのゆ）,0.9942698226424684
白浜飯田屋温泉（しらはまいいだや）,0.9932070094765278
浜村温泉（はまむら）,0.9931601472852523
元箱根温泉（もとはこね）,0.9929557376002011
沢渡温泉（さわたり）,0.992761396133063
わらび温泉（わらび）,0.992391700153811
瀬見温泉（せみ）,0.9923257363731401
藪の湯温泉（やぶのゆ）,0.9911047839804699
甲府温泉（こうふ）,0.9910361475327558
霧島日当山温泉（きりしまひなたやま）,0.9909101550777752
湯涌温泉（ゆわく）,0.9901548269809337
休暇村乳頭温泉郷（きゅうかむらにゅうとう）,0.9900892553360838
妙義温泉（みょうぎ）,0.9898707712428612
明礬温泉（別府温泉郷）（みょうばん（べっぷ））,0.989100313761778
掛川つま恋温泉（かけがわつまごい）,0.9890736924451694
大鰐温泉（おおわに）,0.9888477661369139
新安比温泉（しんあっぴ）,0.9886506516159627
ハツカ石温泉（はつかいし）,0.9884499372881754
山川天然砂むし温泉（やまがわてんねんすなむし）,0.9875489291653299
入来温泉（いりき）,0.9872810047185212
白丹温泉（しらに）,0.9870677660954627
小野上温泉（おのがみ）,0.9859672373062687
越前南部温泉（えちぜんなんぶ）,0.9859249225833959
湯の谷温泉（ゆのたに）,0.9850107210508563
熊の川温泉（くまのかわ）,0.9848339351122839
弓ヶ浜温泉（ゆみがはま）,0.9838554493167944
湯ノ花温泉（ゆのはな）,0.9834062451856178
奥武雄温泉（おくたけお）,0.9833215941724025
赤瀬温泉（あかせ）,0.9831938161923173
広島温泉（ひろしま）,0.9828189033688159
白骨温泉（しらほね）,0.9827602505683899
小川温泉（おがわ）,0.982252879623781
久美の浜温泉郷（くみのはま）,0.9818975645722003
ニセコ湯の里温泉（にせこゆのさと）,0.9817351250533473
須玉の湯（すだまのゆ）,0.9815007827261037
鴨川温泉（かもがわ）,0.9814312417517628
東八幡平温泉（ひがしはちまんたい）,0.9812752697290035
函館温泉（はこだて）,0.981238621107319
天平の湯温泉（てんぴょうのゆ）,0.9810643645755031
波佐見温泉（はさみ）,0.9810052051355964
美唄温泉（びばい）,0.9803909501224233
猪名川豊壽温泉（いながわほうじゅ）,0.9800566586486079
鵜の浜温泉（うのはま）,0.9792614272027684
川棚大崎温泉（かわだなおおさき）,0.977642306371739
長浜太閤温泉（ながはまたいこう）,0.9770234472918928
しほろ温泉（しほろ）,0.9769665025043905
秋田温泉（あきた）,0.9763212900674134
壮瞥温泉（そうべつ）,0.9760994858909071
湯元新祖谷温泉（ゆもといんいや）,0.975888796934956
遠刈田温泉（とおがった）,0.9758134200646165
白川温泉（しらかわ）,0.9756228126454771
平戸たびら温泉（ひらどたびら）,0.975416237063575
熱川温泉（あたがわ）,0.9749775833466596
奥塩原新湯温泉（おくしおばらあらゆ）,0.9746903818950319
湯の川温泉（ゆのかわ）,0.9728170651615711
かみのやま温泉（かみのやま）,0.9718155851751042
油山温泉（ゆやま）,0.9717210196612175
銀山温泉（ぎんざん）,0.9714653227935757
松崎温泉（まつざき）,0.9713324663931864
宮之城温泉（みやのじょう）,0.9704924445403249
信州いいじま温泉（しんしゅういいじま）,0.9703446867173178
然別峡菅野温泉（しかりべつきょうかんの）,0.9702015145306002
天竜水神温泉（てんりゅうすいじん）,0.9699502120676793
小金湯温泉（こがねゆ）,0.9696420716089114
鹿沢温泉（かざわ）,0.9694340859065975
立久恵峡温泉（たちくえきょう）,0.9692219525837062
藪塚温泉（やぶつか）,0.9684318955007353
いそざき温泉（いそざき）,0.967227375643295
新胎内温泉（しんたいない）,0.9661150196926636
喜連川温泉（きつれがわ）,0.9660769731067774
相生の湯（あいおいのゆ）,0.9658398583792802
中ノ沢温泉（なかのさわ）,0.965582671238665
甲府昭和温泉（こうふしょうわ）,0.9653622535498518
林田温泉（はやしだ）,0.9648060083650707
箱根大涌谷温泉（はこねおおわくだに）,0.9631335033397925
平戸千里ケ浜温泉（ひらどせんりがはま）,0.9628990052039164
松島温泉（まつしま）,0.9618775172714602
稲垣温泉（いながき）,0.961001689758217
塩田温泉（しおた）,0.9600808748550582
東鳴子温泉（鳴子温泉郷）（ひがしなるこ（なるこ））,0.9600795670820956
七味温泉（しちみ）,0.9592184892349075
つなぎ温泉（つなぎ）,0.9587766460159368
高室山温泉（たかむろやま）,0.9585130966284818
平戸温泉（ひらど）,0.9583009829123814
河津浜温泉（かわづはま）,0.9574323832465892
応徳温泉（おうとく）,0.9571840353963668
阿蘇火の山温泉（あそひのやま）,0.9570956158272006
根府川温泉（ねぶかわ）,0.9557552894479351
支笏湖温泉（しこつこ）,0.9553985770857125
野地温泉（のぢ）,0.955327920484961
天草柳港温泉（あまくさやなぎこう）,0.9548749868284192
倉渕温泉（くらぶち）,0.9544139471754693
小天橋温泉（しょうてんきょう）,0.9534047074746668
戸田温泉（へだ）,0.9519968736067153
天草パール温泉（あまくさぱーる）,0.9504513562771313
火の谷温泉（ひのたに）,0.9499561593197938
志太温泉（しだ）,0.9499194814186347
湯島温泉（ゆしま）,0.9495019291838009
千倉瀬戸浜温泉（ちくらせとはま）,0.9493164689394464
垂水温泉（たるみず）,0.9487638601608444
湯の元温泉（ゆのもと）,0.9487114096419853
"温海温泉,あつみ温泉（あつみ）",0.9481236364757806
竜王ラドン温泉（りゅうおうらどん）,0.9460482959423149
飯岡温泉（いいおか）,0.9450645394492567
白神展望温泉（しらかみてんぼう）,0.9448991816556245
鰺ヶ沢温泉（あじがさわ）,0.9441902738129884
後生掛温泉（ごしょうがけ）,0.9439457520319705
八幡平温泉郷（はちまんたい）,0.9435804346412943
白水鉱泉温泉（しらみずこうせん）,0.9431180306955388
黒姫温泉（くろひめ）,0.9425374570122935
湯郷温泉（ゆのごう）,0.9412540082345928
下仁田温泉（しもにた）,0.9406881884001848
成川温泉（なりかわ）,0.940342246178995
小天橋温泉きららの湯（しょうてんきょうきららのゆ）,0.9400039436785799
新鉛温泉（しんなまり）,0.9397815943025706
関金温泉（せきがね）,0.9385242503986024
城崎温泉（きのさき）,0.9382742324419189
赤根温泉（あかね）,0.9361146793030856
原城温泉（はらじょう）,0.9358443640041769
旭川温泉（あさひかわ）,0.9352354238692082
ニセコモイワ山温泉（にせこもいわやま）,0.935140690782614
三浦マホロバ温泉（みうらまほろば）,0.9329714883576359
かしはらの湯（かしはらのゆ）,0.9328987568355442
みなべ温泉（みなべ）,0.9322343584999704
京都温泉（きょうと）,0.9318473565212466
倉渕川浦温泉（くらぶちかわうら）,0.931329552286811
たまの温泉（たまの）,0.931071353624003
六日町温泉（むいかまち）,0.9297443457078516
志摩ともやま温泉（しまともやま）,0.9285039312222547
君田温泉（きみた）,0.9284360576094242
幡谷温泉（はたや）,0.9282767645883978
久住温泉（くじゅう）,0.9278054008619827
塚原温泉（つかはら）,0.927598211522165
キロロ温泉（きろろ）,0.9269349151536038
湯河原温泉（ゆがわら）,0.9245186432411796
加治木温泉（かじき）,0.922622311925679
南阿蘇温泉（阿蘇温泉郷）（みなみあそ（あそ））,0.9225776653017914
しんのしつ温泉（しんのしつ）,0.9219139406555577
裂石温泉（さけいし）,0.9211554736604817
大口温泉（おおくち）,0.9189276721393853
新横浜温泉（しんよこはま）,0.9185045322305279
大佐渡温泉（おおさど）,0.9156597420050387
浜名湖かんざんじ（舘山寺）温泉（はまなこかんざんじ）,0.9155207875004985
松代温泉（まつしろ）,0.9129947579482146
法華院温泉（ほっけいん）,0.9122433065060982
ロマントピア温泉（ろまんとぴあ）,0.9119717916637136
北橘温泉（きたたちばな）,0.911682864422338
北見温泉（きたみ）,0.911635344227155
養老温泉（ようろう）,0.9109219809373219
栗川温泉（くりかわ）,0.909976476901456
阿蘇内牧温泉（あそうちのまき）,0.909555229570782
鎌先温泉（かまさき）,0.9093274155206847
大村温泉（おおむら）,0.907412111236338
奈女沢温泉（なめさわ）,0.9056968626223112
湯の花沢温泉（ゆのはなざわ）,0.9047194710164739
御宿天然温泉（おんじゅくてんねん）,0.903957746400122
寒の地獄温泉（かんのじごく）,0.9029406865960674
湯前温泉（ゆのまえ）,0.9010125550261715
母畑温泉（ぼばた）,0.900115688641866
十和田湖畔温泉（とわだこはん）,0.9000381967216207
天橋立温泉（あまのはしだて）,0.8995742929870623
月形温泉（つきがた）,0.898589823198946
開聞温泉（かいもん）,0.8965787235320659
花山温泉（はなやま）,0.8964468310015243
猿ヶ京温泉（さるがきょう）,0.8944515215984562
妖精の泉温泉（ようせいのいずみ）,0.8927411498469218
秋山雛鶴の湯（あきやまひなつるのゆ）,0.8926816859527639
湯谷温泉（ゆや）,0.8921951340478762
宮之城ちくりん温泉（みやのじょうちくりん）,0.8919550878436941
座禅温泉（ざぜん）,0.8902701606091701
渤海温泉（ぼっかい）,0.8886897821436848
ススキノ温泉（すすきの）,0.8885493473264208
蒲井温泉（かまい）,0.8885207814082765
こうでら温泉（こうでら）,0.8884530426770971
十勝幕別温泉（とかちまくべつ）,0.8884512290619966
久美浜温泉（くみはま）,0.8826382496116454
花敷温泉（はなしき）,0.880808150297717
台温泉（花巻温泉郷）（だい（はなまき））,0.8797097510674543
沼津温泉（ぬまづ）,0.8790840262122321
亀川温泉（別府温泉郷）（かめがわ（べっぷ））,0.8778350310106027
二股ラジウム温泉（ふたまたらじうむ）,0.8772170577655758
雨畑湖温泉（あめはたこ）,0.8769245728066093
会津東山温泉（あいづひがしやま）,0.8740423613211564
口之津温泉（くちのつ）,0.8723091194242762
岩地温泉（いわち）,0.8720953382159534
芦ノ牧温泉（あしのまき）,0.87118685925216
南郷温泉（なんごう）,0.8701613865662039
天草松島温泉（あまくさまつしま）,0.8700857392528601
長万部温泉（おしゃまんべ）,0.867755645069114
かいづか温泉（かいづか）,0.8675883514316458
鳥羽答志島温泉（とばとうしじま）,0.8670076514806664
勝浦温泉（かつうら）,0.8658950786318695
成田温泉（なりた）,0.8649702525713987
波賀東山温泉（はがひがしやま）,0.864044355980137
松の湯温泉（まつのゆ）,0.8627844472464763
吉田温泉（鹿児島県）（よしだ）,0.8614672519135894
札幌大通温泉（さっぽろおおどおり）,0.860930457188372
仙酔峡温泉（せんすいきょう）,0.8601388425419205
北郷温泉（きたごう）,0.8579377630692824
角神温泉（つのがみ）,0.8571857406120551
武尊温泉（ほだか）,0.8571773683475821
岩井温泉（いわい）,0.8526746928691864
岩滝温泉（いわたき）,0.8520213667499392
千倉海底温泉（ちくらかいてい）,0.8519494902146489
弁天島温泉（べんてんじま）,0.85006499944026
長門峡温泉（ちょうもんきょう）,0.8496799037644738
たかねの湯（たかねのゆ）,0.8487730077222775
天恵泉（てんけいせん）,0.8451352500993955
ひみ阿尾の浦温泉（ひみあおのうら）,0.8443395185627436
ハチ北温泉（はちきた）,0.8440976222617583
土出温泉（つちいで）,0.8427749507521328
韮崎旭温泉（にらさきあさひ）,0.8421035989334709
本白根温泉（もとしらね）,0.8379401941048472
北川温泉（ほっかわ）,0.8357819322692721
赤城高原温泉（あかぎこうげん）,0.8341788767199767
大野目温泉（だいのめ）,0.8330835833361274
尻焼温泉（しりやき）,0.832382726564742
岩屋温泉（いわや）,0.8322915421766146
温泉津温泉（ゆのつ）,0.8277041088593633
湯田上温泉（ゆだがみ）,0.8266110089525842
向屋温泉（こうや）,0.8251680022974809
湯之谷温泉（鹿児島県）（ゆのたに）,0.8243660601346117
尾瀬戸倉温泉（おぜとくら）,0.8238423133366986
むかわの湯（むかわのゆ）,0.8235813230276108
富士青木ヶ原樹海温泉（ふじあおきがはらじゅかい）,0.8217647926587808
南紀太地温泉（なんきたいじ）,0.8215163862496092
黒沢温泉（くろさわ）,0.8164052322768327
いわき湯本温泉（いわきゆもと）,0.8143841213824455
角館温泉（かくのだて）,0.8140345508592172
木曽御岳温泉（きそおんたけ）,0.8126052797102092
志布志温泉（しぶし）,0.8116317211013091
蓼科温泉石遊の湯（たてしないしやすのゆ）,0.8088999088657529
浅間高原温泉（あさまこうげん）,0.8056389042421391
八塩温泉（やしお）,0.7984708700525134
丹波山温泉のめこい湯（たばやまのめこいゆ）,0.7982139646222717
川原湯温泉（かわらゆ）,0.7915001060617597
法師温泉（ほうし）,0.782381166753016
坊中温泉（ぼうちゅう）,0.777221138932203
新八温泉（しんぱち）,0.7697045793920232
奈良田温泉（ならだ）,0.7671329022238129
べふ峡温泉（べふきょう）,0.7648045139276145
湯の鶴温泉（ゆのつる）,0.7522113482680237
湯宿温泉（ゆじゅく）,0.7516823906386108
飯田温泉（いいだ）,0.7508370880233615
浜坂温泉（はまさか）,0.7378747686743736
八ヶ岳南麓温泉（やつがたけなんろく）,0.7378624163960156
辰ケ湯温泉（たつがゆ）,0.7301403060555458
ふじやま温泉（ふじやま）,0.7300018930905744
白布温泉（しらぶ）,0.7282162732199619
薬師温泉（やくし）,0.7257412479896295
浅虫温泉（あさむし）,0.7150052567584473
左沢温泉（あてらさわ）,0.7075502103880833
泡の湯温泉（あわのゆ）,0.7067169276507277
富士西湖温泉（ふじさいこ）,0.698058880473438
みさかの湯（みさかのゆ）,0.6932665207668355
真玉温泉（またま）,0.6911169494453229
はわい温泉（はわい）,0.6887073767812628
丸沼温泉（まるぬま）,0.687200985064632
忠治温泉（ちゅうじ）,0.6871692683351667
島原温泉（しまばら）,0.6819608203674618
越中となみ野温泉（えっちゅうとなみの）,0.6783709000600011
泉温泉健康センター（いずみけんこうせんたー）,0.6757778635150509
五色温泉（福島県）（ごしき）,0.6686843059826315
阿蘇白水温泉（あそはくすい）,0.6643905835716348
湯ノ釣温泉（ゆのつる）,0.6469050468060008
北八ヶ岳松原湖温泉（きたやつがたけまつばらこ）,0.6398915329523254
洞爺湖温泉（とうやこ）,0.6315477788448334
芭蕉月待ちの湯（ばしょうつきまちのゆ）,0.6238571921722931
宮津温泉（みやづ）,0.6101770658503498
柏の葉キャンパスシティ温泉（かしわのは）,0.5981265281637509
丹後木橋温泉（たんごきはし）,0.5796159492772922
