name,value
海若温泉（わたつみ）,3.478174604948551
今板温泉（五頭温泉郷）（いまいた（ごず））,2.458081575423952
登別温泉（のぼりべつ）,2.447388074180436
瀬戸大橋温泉（せとおおはし）,2.0235149262916474
あじ温泉（あじ）,2.0234527729333394
あしずり温泉郷（あしずり）,2.019178506731987
奥道後温泉（おくどうご）,2.019157015000071
嵐山嵯峨野温泉（あらしやまさがの）,2.0072952422830794
猿投温泉（さなげ）,1.9864200511148997
信州まつかわ温泉（しんしゅうまつかわ）,1.980282157121433
有馬温泉（ありま）,1.9652439988794783
武田尾温泉（たけだお）,1.9566824527013869
周防大島片添ヶ浜温泉（すおうおおしまかたそいがはま）,1.9535140313326367
蒲郡温泉（がまごおり）,1.9438963013508963
久美浜温泉（久美の浜温泉郷）（くみのはま（くみのはま））,1.9369656247752054
神の湯温泉（かみのゆ）,1.929497677466226
鞆の浦温泉（とものうら）,1.9199680495829812
入広瀬ニュー浅草岳温泉（いりひろせにゅーあさくさだけ）,1.9177851273426934
岡山空港温泉（おかやまくうこう）,1.9172436279909952
標津川温泉（しべつがわ）,1.908372349705961
猪名川豊壽温泉（いながわほうじゅ）,1.8961512225960928
玉名温泉（たまな）,1.8959620746355208
宮浜温泉（みやはま）,1.8936261469409579
波賀東山温泉（はがひがしやま）,1.8933075073692534
湯来温泉（ゆき）,1.8908300748420142
枝幸温泉（えさし）,1.874229131047688
剣淵温泉（けんぶち）,1.8717479161208583
薬王寺温泉（やくおうじ）,1.8687050678575088
川上峡温泉（かわかみきょう）,1.8638359634353527
桃の木温泉（もものき）,1.8621377410160171
北白川天然ラジウム温泉（きたしらかわてんねんらじうむ）,1.8614985273944007
猫啼温泉（ねこなき）,1.8612537582715352
龍温泉（りゅう）,1.8551900120954665
天橋立温泉（あまのはしだて）,1.8388741046190262
柿野温泉（かきの）,1.8376098998482264
湯迫温泉（ゆば）,1.8369014212536432
苫田温泉（とまだ）,1.832542221366413
丹後温泉（たんご）,1.8292528626464664
竜王ラドン温泉（りゅうおうらどん）,1.828391464740511
三朝温泉（みささ）,1.8187974185697615
七城温泉（しちじょう）,1.8171390222178565
筑後川温泉（ちくごがわ）,1.8116491206108578
渡瀬温泉（わたぜ）,1.8106130556454734
三谷温泉（みや）,1.8090078299480772
萩温泉郷（はぎ）,1.8054975114171468
ナウマン温泉（なうまん）,1.8006365240566313
美留和温泉（びるわ）,1.8003510143075672
温井温泉（ぬくい）,1.7958806699230556
馬場の湯温泉（ばばのゆ）,1.785054740073189
くらま温泉（くらま）,1.7830665868426128
佐野川温泉（さのがわ）,1.7816185155558206
湯ノ花温泉（ゆのはな）,1.7809111511896527
湯の山温泉（ゆのやま）,1.7803937004199104
母畑温泉（ぼばた）,1.777447822311568
竹野浜海岸(奥城崎温泉)（たけのはま（おくきのさき））,1.777209191047956
桃山温泉（ももやま）,1.7757585808871283
神戸須磨温泉（こうべすま）,1.7738656434747908
乳頭温泉郷（にゅうとう）,1.7613958886691503
熊の川温泉（くまのかわ）,1.7577827893079272
浜詰温泉（はまづめ）,1.7487089083781318
湯免温泉（ゆめん）,1.7480276783780444
波賀温泉（はが）,1.744336410363515
伏尾温泉（ふしお）,1.7442349870999654
ハチ北温泉（はちきた）,1.7394965377591904
阿知須温泉（あじす）,1.7389171878023753
関金温泉（せきがね）,1.7283632752914277
津黒高原温泉（つぐろこうげん）,1.7193710391956663
浜村温泉（はまむら）,1.6892995699057503
錦帯橋温泉（きんたいきょう）,1.6867291804816988
天竜水神温泉（てんりゅうすいじん）,1.6573914464030945
南郷温泉（なんごう）,1.6473174423688934
二股ラジウム温泉（ふたまたらじうむ）,1.6364848394715596
湯田川温泉（ゆだがわ）,1.60058983332581
丹後木橋温泉（たんごきはし）,1.5971376846234002
岩屋温泉（いわや）,1.5758219386140504
はまなす温泉（はまなす）,1.5685872430247918
みやばる温泉（みやばる）,1.56483232695905
十和田ポニー温泉（とわだぽにー）,1.5641306041429441
明石温泉（あかし）,1.558389250200892
菊南温泉（きくなん）,1.549062983194987
鷹巣温泉（たかす）,1.548968367544668
梨木温泉（なしぎ）,1.548252862313437
横川温泉（よこかわ）,1.5432664948619075
南田温泉（みなみだ）,1.5423437671055868
乗鞍高原温泉（のりくらこうげん）,1.5374889128737979
京都竹の郷温泉（きょうとたけのさと）,1.5342118656824506
咲花温泉（さきはな）,1.533663119872411
鳥海温泉（ちょうかい）,1.5332867449711238
みちのく城址温泉（みちのくじょうし）,1.5318130995073016
敷島温泉（しきしま）,1.5298185804504016
下條温泉（しもじょう）,1.5243836988059303
吉井温泉（よしい）,1.5234914689783066
高湯温泉（たかゆ）,1.5161000748475393
たまゆら温泉（たまゆら）,1.5155389177420784
るり温泉（るり）,1.5150193822762323
天然大和温泉（てんねんやまと）,1.5128839462049424
玄海さつき温泉（げんかいさつき）,1.511224591211667
松泉宮温泉（しょうせんきゅう）,1.5093480769544838
磯原温泉（いそはら）,1.506151583601558
鉛温泉（なまり）,1.5035615255908361
一の俣温泉（いちのまた）,1.5025099708683907
臼杵温泉（うすき）,1.5014863474974556
小野上温泉（おのがみ）,1.4989829820772957
丹後奥伊根温泉（たんごおくいね）,1.4963519391086366
千貫石温泉（せんがんいし）,1.4952910635265566
淡路島うずしお温泉（あわじしまうずしお）,1.4951586202673968
天龍峡温泉（てんりゅうきょう）,1.4949709706363223
磐梯熱海温泉（ばんだいあたみ）,1.4931064111845833
定山渓温泉（じょうざんけい）,1.4909873571187733
大船上の湯温泉（おおふなかみのゆ）,1.4898017211092842
檜枝岐温泉（ひのえまた）,1.4873762359694829
寺泊温泉（てらどまり）,1.4847345937339087
奥利根温泉（水上温泉郷）（おくとね（みなかみ））,1.4840887175665962
和銅鉱泉（わどうこうせん）,1.479193729635269
守護陣温泉（しゅごじん）,1.4770668381263339
峠の湯（とうげのゆ）,1.4742957586333865
川場温泉（かわば）,1.4722292544822846
二見温泉（ふたみ）,1.472077959492093
鈍川温泉（にぶかわ）,1.4716019717473834
光徳温泉（こうとく）,1.4715905817728192
笹谷温泉（ささや）,1.4697952945554067
幕別温泉（まくべつ）,1.4697583959689218
神代温泉（じんだい）,1.468645411233107
牛滝温泉（うしたき）,1.4675951365440612
日光温泉（にっこう）,1.467401240080122
猪苗代四季の湯温泉（いなわしろしきのゆ）,1.4668334341711469
奥津温泉（おくつ）,1.466119517362307
気仙沼温泉（けせんぬま）,1.4658377225909915
野栗沢温泉（のぐりさわ）,1.4650871746596836
青島温泉（あおしま）,1.4640365978082022
穂高温泉郷（ほだか）,1.4607173177931043
大塚温泉（おおつか）,1.4578375475274192
甲斐大泉温泉（かいおおいずみ）,1.4573142528060883
大原温泉（おおはら）,1.4573136307683492
五條リバーサイド温泉（ごじょうりばーさいど）,1.455650697388346
天草下田温泉（あまくさしもだ）,1.4554759608847756
千里浜やわらぎ温泉（ちりはまやわらぎ）,1.4530466452477468
黒磯温泉（くろいそ）,1.4515666938017284
小鹿野温泉（おがの）,1.4501769872411847
伊勢志摩賢島温泉（いせしまかしこじま）,1.4488276526095376
衣笠温泉（きぬがさ）,1.447728283141577
二日市温泉（ふつかいち）,1.4458392103986135
鯵ヶ沢高原温泉（あじがさわこうげん）,1.4449504791744172
上の湯温泉郷（かみのゆ）,1.4448361846662703
伊勢志摩磯部わたかの温泉（いせしまいそべわたかの）,1.4444096735072516
比羅夫温泉（ひらふ）,1.4416228426827324
鳥取温泉（とっとり）,1.4407332773719514
鹿沢温泉（かざわ）,1.4403040801248852
底倉温泉（そこくら）,1.440110278886462
伊賀温泉（いが）,1.4394427741626425
菊池渓谷温泉（きくちけいこく）,1.4392928939963143
神野温泉（久美の浜温泉郷）（じんの（くみのはま））,1.4357711106538773
恵那峡温泉（えなきょう）,1.4355789901718259
男鹿温泉（おが）,1.4347798316724716
小天温泉（おあま）,1.4346557427493352
石道温泉（いしみち）,1.4341762074875453
川浦温泉（かわうら）,1.4329570099593154
ニセコ温泉郷（にせこ）,1.432830960977645
井頭温泉（いがしら）,1.431987333723477
竜門温泉（りゅうもん）,1.4307366549022613
ウトロ温泉（うとろ）,1.4295609897091275
志賀の郷温泉（しかのさと）,1.4265460452863148
内海温泉（うつみ）,1.4247816746670101
藺牟田温泉（いむた）,1.4227075984198896
ねぶた温泉（ねぶた）,1.4222269245674686
あずまや温泉（あずまや）,1.4179854770974507
三崎温泉（みさき）,1.4173991577019767
妙高温泉（みょうこう）,1.4164269313452738
松之山温泉（まつのやま）,1.4156026228552772
新胎内温泉（しんたいない）,1.4148348727869609
美又温泉（みまた）,1.413849323656824
七釜温泉（しちかま）,1.4137909208498303
相間川温泉（あいまがわ）,1.4137442146974897
十勝岳温泉（とかちだけ）,1.4133646390740835
塔ノ沢温泉（とうのさわ）,1.4131755188757937
山の神温泉（やまのかみ）,1.4106059838382026
畔地温泉（あぜち）,1.4103286171716358
いわき塩屋崎温泉（いわきしおやざき）,1.4102431687570753
網走湖畔温泉（あばしりこはん）,1.4099727087077638
石狩太美温泉（いしかりふとみ）,1.4084010789791743
高山温泉（たかやま）,1.4068402325350142
佐賀大和温泉（さがやまと）,1.4059789851544395
歌登温泉（うたのぼり）,1.4058299823885871
信貴山温泉（しぎさん）,1.405599142256237
清里高原KEEP温泉（きよさとこうげんきーぷ）,1.4055390792706657
嵯峨塩鉱泉（さがしお）,1.4037388004362583
岩室温泉（いわむろ）,1.4036868119996693
西合志温泉（にしごうし）,1.4035614905849334
満願寺温泉（まんがんじ）,1.402382089836257
平潟港温泉（ひらがた）,1.4023408501394212
浜坂温泉郷（はまさか）,1.4020693551453334
塩山温泉（えんざん）,1.4016913976934222
猫魔温泉（ねこま）,1.4007281736722068
聖籠温泉（せいろう）,1.400712040918214
八雲温泉（北海道）（やくも）,1.3993223636869399
白神展望温泉（しらかみてんぼう）,1.3988522642661656
天ヶ瀬温泉（あまがせ）,1.3978648672974299
丸駒温泉（まるこま）,1.3974664903349345
奥塩原新湯温泉（おくしおばらあらゆ）,1.3973932880257802
土佐龍温泉（とさりゅう）,1.3957019960123396
田万川温泉（たまがわ）,1.3954178438773233
丹後はなれ湖温泉（たんごはなれこ）,1.3943466555504571
恵山温泉郷（えさん）,1.394177554130909
厳美渓温泉（げんびけい）,1.3939537573901433
綾部・福知山温泉（あやべふくちやま）,1.3939437198733526
鹿教湯温泉（かけゆ）,1.3937165705930619
天橋立・成相観音温泉（あまのはしだて・なりあいかんのん）,1.3932014339500003
紀州みなべ千里浜温泉（きしゅうみなべせんりはま）,1.3928168466639896
小樽運河の湯（おたるうんがのゆ）,1.392410668115767
赤谷温泉（あかや）,1.3919205882246533
大沢山温泉（おおさわやま）,1.3917758850351212
磯部温泉（いそべ）,1.3917355385564623
みはらし温泉（みはらし）,1.3915793710757816
小田温泉（おだ）,1.3914714096557526
大沢温泉（兵庫県）（おおぞう）,1.391395118454146
たまの温泉（たまの）,1.3913659390121227
伊賀青山朝妻温泉（あさつま）,1.3913644282117723
宇奈月温泉（うなづき）,1.390944918233251
池の平温泉（いけのたいら）,1.3907706994859
下呂温泉（げろ）,1.3906264274514148
浅茂川浦島温泉（あさもがわうらしま）,1.390288494267161
城崎円山川温泉（きのさきまるやまがわ）,1.3883103669635835
まほらの湯（まほらのゆ）,1.3879147494123094
馬瀬川温泉（まぜがわ）,1.3875770865244763
南九州頴娃（みなみきゅうしゅう・えい）,1.3861941397663147
中禅寺温泉（ちゅうぜんじ）,1.3858682333003907
上齋原温泉（かみさいばら）,1.38436740021857
玖珠温泉（くす）,1.3842773798912291
かつらぎ温泉（かつらぎ）,1.3825686703125637
十勝幕別温泉（とかちまくべつ）,1.382224828714416
奥天竜不動温泉（オクテンリュウフドウ）,1.382158962743623
一関温泉郷（いちのせき）,1.3819692080929165
照島温泉（てるしま）,1.3814552623187266
たんげ温泉（たんげ）,1.381298678261893
和歌の浦温泉（わかのうら）,1.3811537971099217
三瓶温泉（さんべ）,1.3800102756609993
小布施温泉（おぶせ）,1.3797543711132474
矢原温泉（やわら）,1.3794390738010405
川根温泉（かわね）,1.3790097199262137
泉（伊豆湯河原）温泉（いずみ（いずゆがわら））,1.3789019123429345
宮津羽衣温泉（宮津の湯らゆら）（みやづはごろも）,1.3775615037906737
阿寒湖温泉（あかんこ）,1.376897235096447
湯川温泉（ゆがわ）,1.3766573280569108
白馬八方温泉（はくばはっぽう）,1.376603433773631
粟津温泉（あわづ）,1.3752037484967519
道志の湯温泉（どうしのゆ）,1.375122393224211
栗山温泉（くりやま）,1.375021249339694
黒石温泉郷（くろいし）,1.374785524606705
永源寺温泉（えいげんじ）,1.3742590660081497
滝沢温泉（たきざわ）,1.373612137162496
蔵王温泉（ざおう）,1.3732494700995703
西浦温泉（にしうら）,1.3732240063330483
温根湯温泉（おんねゆ）,1.3720980172119444
湯野上温泉（ゆのかみ）,1.3720970588071006
和倉温泉（わくら）,1.3718982074941908
久美浜神の温泉（かんの）,1.371278246480321
原鶴温泉（はらづる）,1.3709102677447456
勝浦万祝温泉（かつうらまいわい）,1.3706887306822908
鴻の鶴温泉（丹後町間人温泉郷）（こうのつる（たんごちょうたいざ））,1.3702676924448165
金矢温泉（かなや）,1.3700877615383693
小湊温泉（こみなと）,1.3700617822389753
宮城野温泉（みやぎの）,1.3699299291012779
谷川温泉（水上温泉郷）（たにがわ（みなかみ））,1.3697927908764946
妙義温泉（みょうぎ）,1.3697177003773433
土湯温泉（つちゆ）,1.3691415238001992
舞子温泉（まいこ）,1.3689299973230513
濁河温泉（にごりご）,1.368796808710174
月川温泉（つきかわ）,1.368442821266159
屈斜路温泉（くっしゃろ）,1.3683955124919378
応徳温泉（おうとく）,1.368368459835885
岩手山焼走り温泉（いわてさんやけはしり）,1.367468775746723
碁点温泉（ごてん）,1.3667631682422425
湖山温泉（こやま）,1.3666967480428636
大沢温泉（おおさわ）,1.3661623141122243
清里温泉（きよさと）,1.365937712977803
畑毛温泉（はたけ）,1.3655612311665974
小室温泉（こむろ）,1.365042886752931
倉渕川浦温泉（くらぶちかわうら）,1.3650259386600245
皆生温泉（かいけ）,1.364976722475082
浮島温泉（ふとう）,1.3641905294051244
上牧温泉（かみもく）,1.3638554156772673
高遠温泉（たかとお）,1.3636526806457412
半出来・吾妻温泉（はんでき・あがつま）,1.3636486400687504
椿温泉（南紀椿温泉）（なんきつばき）,1.3633845596559464
鵜原温泉（うばら）,1.3633559748766912
市比野温泉（いちひの）,1.3632574428168556
尾瀬・土出温泉（おぜ・つちで）,1.3630155122942396
まにわ温泉（まにわ）,1.362568544016944
南熱海（伊豆多賀）温泉（みなみあたみ（いずたが））,1.3616644359770276
小野川温泉（おのがわ）,1.3616414602313722
荒尾温泉（あらお）,1.3615423977848082
天目山温泉（てんもくざん）,1.3613800833622616
トムラウシ温泉（とむらうし）,1.3608778500367724
奥平温泉（おくだいら）,1.359952530170244
芭蕉月待ちの湯（ばしょうつきまちのゆ）,1.3595912860972539
八丁浜小浜温泉（はっちょうはまこばま）,1.3594311059467377
箱根芦ノ湯温泉（はこねあしのゆ）,1.3594198242066398
天草柳港温泉（あまくさやなぎこう）,1.3587419769061464
久美浜シーサイド温泉（くみはましーさいど）,1.3584646510699439
肘折温泉（ひじおり）,1.358086825930883
猿川温泉（さるかわ）,1.358054812465395
小砂温泉（こいさご）,1.3578231069776747
志摩ともやま温泉（しまともやま）,1.3577079874182503
雲仙温泉（うんぜん）,1.3574674108671765
二塚温泉（につか）,1.3571277614623782
平戸たびら温泉（ひらどたびら）,1.3570733543899325
伊東温泉（いとう）,1.3568180867130795
すさみ温泉（すさみ）,1.356598147986427
霧積温泉（きりづみ）,1.3562393302482272
木津温泉（きつ）,1.355987387044089
守実温泉（もりざね）,1.3559490527898546
山田温泉（やまだ）,1.3558734153944347
秩父・西谷津温泉（ちちぶ・にしやつ）,1.355345749618515
八幡ひまわり温泉（やはたひまわり）,1.3551660527312566
由良温泉（ゆら）,1.3542081219809394
深耶馬温泉（しんやば）,1.353918819200425
湯之元温泉（ゆのもと）,1.3531833621717635
よさこい温泉（よさこい）,1.3531030923601182
秋月温泉（あきづき）,1.3527602903870126
大歩危祖谷阿波温泉（おおぼけいやあわ）,1.3526211013869633
柳川温泉（やながわ）,1.3525447309017182
セキアヒルズ温泉（せきあひるず）,1.3521580301579976
山中湖温泉（やまなかこ）,1.3517889515718533
まつだい芝峠温泉（まつだいしばとうげ）,1.3513479035525093
網代温泉（あじろ）,1.3508129521021766
南さつま・知覧温泉（みなみさつま・ちらん）,1.3494109661806197
天津小湊温泉（あまつこみなと）,1.3493103655557783
榛名湖温泉（はるなこ）,1.3488547453331567
ススキノ温泉（すすきの）,1.348774170449802
ほったらかし温泉（ほったらかし）,1.3487280768948415
奥白馬温泉（おくはくば）,1.3482609280991176
ニセコワイス高原温泉（にせこわいすこうげん）,1.3480153212944668
奥州平泉温泉（おうしゅうひらいずみ）,1.3462485334229848
北橘温泉（きたたちばな）,1.3461921119500722
永岡温泉（ながおか）,1.3460455929003066
つつじの湯（つつじのゆ）,1.3447378371916119
小野小町温泉（おののこまち）,1.344028908298129
中里温泉（なかさと）,1.3438999739431199
北見温泉（きたみ）,1.3430956391351563
稲子川温泉（いなごかわ）,1.342342276288758
金ヶ崎温泉（かながさき）,1.3422709141458782
箱根強羅温泉（はこねごうら）,1.3415013639226792
尾之間温泉（おのあいだ）,1.3404728827968477
かしはらの湯（かしはらのゆ）,1.340314888410152
白沢高原温泉（しらさわこうげん）,1.3401885522736443
瓜島温泉（うりじま）,1.339977596590798
鳩の湯温泉（はとのゆ）,1.3399391675752308
御神楽温泉（みかぐら）,1.339702387840029
久米川温泉（くめがわ）,1.3394041077071237
かぶと湯温泉（かぶとゆ）,1.339391668430633
奥嬬恋温泉（おくつまごい）,1.339250757959154
浅間温泉（あさま）,1.3392153233289719
たつの荒神山温泉（たつのこうじんやま）,1.3390582597977112
山代温泉（加賀温泉郷）（やましろ（かが））,1.3387861880991194
志摩磯部ひまわりの湯（しまいそべひまわりのゆ）,1.338426549558247
いろは島温泉（いろはじま）,1.3383619735874825
白馬乗鞍温泉（はくばのりくら）,1.338247362867234
湯村温泉（ゆむら）,1.3381265667222795
越後湯沢温泉（えちごゆざわ）,1.3379123014117045
朝里川温泉（あさりがわ）,1.337735920009159
南木曽温泉（なぎそ）,1.3375566406855506
接岨峡温泉（せっそきょう）,1.3375330478899063
大磯温泉（おおいそ）,1.336835278972747
奥鬼怒温泉郷（おくきぬ）,1.3368053308555057
筑波温泉（つくば）,1.3366982171459805
宇佐温泉（うさ）,1.3366282817863282
天城湯ヶ島温泉（あまぎゆがしま）,1.335807784776839
吉奈温泉（よしな）,1.3354146861840808
祖谷渓温泉（いやけい）,1.3353354218046345
南紀田辺温泉（なんきたなべ）,1.3347871383622525
十枚荘温泉（じゅうまいそう）,1.3341995783741512
塚野鉱泉（つかのこうせん）,1.3340433971749412
南阿蘇俵山温泉（阿蘇温泉郷）（みなみあそたわらやま（あそ））,1.333977481060558
益子温泉（ましこ）,1.3335916537821055
嵯峨沢温泉（さがさわ）,1.3335331343469166
植木温泉（うえき）,1.3331440211258947
広田温泉（ひろた）,1.3328150358464983
鶴巻温泉（つるまき）,1.332799662957116
赤川温泉（あかがわ）,1.3324979260327323
大佐渡温泉（おおさど）,1.3324406866043335
羽鳥湖温泉（はとりこ）,1.3322927349616611
塩田温泉（しおた）,1.3322422904627664
三ケ日温泉（みっかび）,1.3313669737221465
伊豆駒の湯温泉（いずこまのゆ）,1.3311154357970707
山梨万葉温泉（やまなしまんよう）,1.3309194519879326
常盤温泉（ときわ）,1.329859115538143
湯の谷温泉（ゆのたに）,1.3296490943148023
筑波山温泉（つくばさん）,1.329424880610572
城崎円山川ひだまり温泉（きのさきまるやまがわひだまり）,1.3289967997206582
しほろ温泉（しほろ）,1.3283023804899246
口坂本温泉（くちさかもと）,1.3281988996864547
船尾の湯（ふなおのゆ）,1.3278681115971671
宮沢温泉（みやざわ）,1.3278484548368152
原城温泉（はらじょう）,1.3277764557846008
塚原温泉（つかはら）,1.3277764005793466
古湯温泉（ふるゆ）,1.3276485723162454
南伊豆・吉佐美温泉（みなみいず・きさみ）,1.3273117888068398
田沢湖高原温泉郷（たざわここうげん）,1.3269424112070174
富士見温泉見晴らしの湯（ふじみみはらしのゆ）,1.3269193469531952
地獄温泉（じごく）,1.3268277822978913
ハツカ石温泉（はつかいし）,1.326729107423434
広沢寺温泉（こうたくじ）,1.3266541603804818
寄居山温泉（よりいやま）,1.3265659636448301
大子温泉（だいご）,1.326504503024949
湯ノ小屋温泉（水上温泉郷）（ゆのこや（みなかみ））,1.3263989091954298
東尋坊温泉（とうじんぼう）,1.3263077240614665
芦野温泉（あしの）,1.3260612006698336
英彦山温泉（ひこさん）,1.3260430337654219
新平湯温泉（奥飛騨温泉郷）（しんひらゆ（おくひだ））,1.3249366443308572
龍神温泉（りゅうじん）,1.324574112371793
春日居温泉（かすがい）,1.3243427103000973
大神温泉（おおがみ）,1.3235063777083442
あいのの温泉（あいのの）,1.3233369214667214
湯沢温泉（ゆざわ）,1.3231904129896845
磐梯猪苗代はやま温泉（ばんだいいなわしろはやま）,1.323148829880215
さくらんぼ東根温泉（さくらんぼひがしね）,1.3230670808799685
星野温泉（ほしの）,1.3230523292625707
白馬龍神温泉（はくばりゅうじん）,1.3228805230250433
嵐山温泉（あらしやま）,1.3221592716281376
産山温泉（うぶやま）,1.3220723461034516
笠置温泉（かさぎ）,1.321407415564098
佐久一萬里温泉（さくいちまんり）,1.3213531570775168
会津高原温泉（あいづこうげん）,1.32058546136296
牛岳温泉（うしだけ）,1.3204615475166412
養老温泉（ようろう）,1.3195659968115034
城ケ崎温泉（じょうがさき）,1.3194301687535785
笹倉温泉（ささくら）,1.319185036751959
洞川温泉（どろがわ）,1.3190730119981464
紀州温泉（きしゅう）,1.318974621144552
芦別温泉（あしべつ）,1.3187885823230894
志摩奥志摩温泉（しまおくしま）,1.3185632997562013
梅木温泉（うめき）,1.318419968088468
熱塩温泉（あつしお）,1.3181046501038567
大室温泉（おおむろ）,1.3180692533622422
西丹沢・中川温泉（にしたんざわ・なかがわ）,1.3176220931585818
姫川温泉（ひめかわ）,1.3175712980921306
喜連川温泉（きつれがわ）,1.317348680515138
蓬来温泉（よもぎひら）,1.317165656458764
観音温泉（かんのん）,1.3169959315675355
川古温泉（かわふる）,1.316927730706003
馬門温泉（まかど）,1.3167872888701302
佐津温泉（さづ）,1.3165173507872083
鰺ヶ沢温泉（あじがさわ）,1.3164902889539325
浅間隠温泉郷（あさまかくし）,1.3163583746032108
桃沢温泉（ももさわ）,1.3155983001939835
板留温泉（いたどめ）,1.3155199348453492
雲母温泉（きら）,1.3155173818270365
佐里温泉（さり）,1.3151661494362448
下部温泉（しもべ）,1.3150652085031782
倶知安温泉（くっちゃん）,1.3150250934892231
袋田温泉（ふくろだ）,1.3143932900731525
作州武蔵温泉（さくしゅうむさし）,1.314159714371439
熱海温泉（あたみ）,1.3140991327781526
養老牛温泉（ようろううし）,1.314005492225526
匹見峡温泉（ひきみきょう）,1.3134294511779907
白子温泉（しらこ）,1.3130980827505625
法泉寺温泉（ほうせんじ）,1.3130690909419505
あつぎ飯山温泉（あつぎいいやま）,1.3126990492381747
桜川温泉（さくらがわ）,1.3125470773568229
天橋立・宮津温泉ピント湯（あまのはしだて・みやづぴんとゆ）,1.3123239033278966
くにさき六郷温泉（くにさきろくごう）,1.3114002512087897
橘の郷上野温泉（たちばなのさとうえの）,1.3113658432449613
函館温泉（はこだて）,1.3108020579058026
馬頭温泉（ばとう）,1.3107755017659022
城島温泉（きじま）,1.3106590950299823
佐渡島椎崎温泉（さどがしましいざき）,1.310135251330951
一里野温泉（いちりの）,1.3098390265116615
湯山温泉（ゆやま）,1.309620549801796
蓼科三室温泉（たてしなみむろ）,1.3093879723270971
岩尾別温泉（いわおべつ）,1.3091821402784378
天平の湯温泉（てんぴょうのゆ）,1.3091124300918882
西木温泉（にしき）,1.3089840599882696
城南温泉（じょうなん）,1.3086744747701147
田の原温泉（たのはら）,1.308653512597084
木曽温泉（きそ）,1.3085716599036776
平戸温泉（ひらど）,1.3081971874312748
赤穂温泉（あこう）,1.3075824847770117
磨洞温泉（まどう）,1.3075155578435413
生地温泉（いくじ）,1.307187753963092
河内温泉（かわち）,1.3071544183625114
層雲峡温泉（そううんきょう）,1.3069331187577475
波佐見温泉（はさみ）,1.3069140073798953
鬼首温泉（鳴子温泉郷）（おにこうべ（なるこ））,1.3066356403960122
戸倉上山田温泉（とぐらかみやまだ）,1.3063783900132253
木更津温泉（きさらづ）,1.30524981092839
三富温泉郷（みとみ）,1.305246241461663
湯田温泉（ゆだ）,1.3049462066756354
海潟温泉（かいかた）,1.304229514702918
小涌谷温泉（こわきだに）,1.3040833097128641
犬山温泉（いぬやま）,1.3038699211582303
成田温泉（なりた）,1.3036539333207267
指宿温泉（いぶすき）,1.3033513864827535
上越・安塚雪だるま温泉（じょうえつ・やすづかゆきだるま）,1.3030978452591668
川中温泉（かわなか）,1.3029286816952719
会津神指温泉（あいづこうざし）,1.3029156899641432
東鳴子温泉（鳴子温泉郷）（ひがしなるこ（なるこ））,1.3026460892624325
虎杖浜温泉郷（こじょうはま）,1.3025885963487247
祭畤温泉（まつるべ）,1.302576527215304
北広島温泉（きたひろしま）,1.3019484367635514
はぎ温泉（はぎ）,1.3019042931378833
夢絃峡温泉（むげんきょう）,1.3018373263733727
雫石高倉温泉（しずくいしたかくら）,1.3017394359622683
西会津温泉（にしあいづ）,1.301725341024853
月ヶ瀬温泉（つきがせ）,1.3016895264741921
湯端温泉（ゆばた）,1.3015039136012396
裏耶馬渓温泉（うらやばけい）,1.3014620218958175
飛騨高山温泉（ひだたかやま）,1.3013447428979572
はやぶさ温泉（はやぶさ）,1.3011664715551194
宇久須温泉（うぐす）,1.300995066336223
ニセコ黄金温泉（にせここがね）,1.300812247679347
鶴ノ湯温泉（つるのゆ）,1.300796109343332
りょうぜん新温泉（りょうぜんしん）,1.3007336976036195
酸ヶ湯温泉（すかゆ）,1.3005677858988443
長万部温泉（おしゃまんべ）,1.3005248586336773
大湯温泉（おおゆ）,1.3002989353641632
二ノ平温泉（にのたいら）,1.3002180326079564
白馬かたくり温泉（はくばかたくり）,1.3000812873480811
楠川温泉（くすがわ）,1.2999137662705922
南紀白浜温泉（なんきしらはま）,1.2997512883137143
堂ヶ島温泉（どうがしま）,1.2996481965458582
大歩危温泉（おおぼけ）,1.29961412918
天然中伊豆温泉（てんねんなかいず）,1.299374423424403
鹿野温泉（しかの）,1.29937171216995
湯の元温泉（ゆのもと）,1.2991140561917471
倉真温泉（くらみ）,1.2990834283923345
平山温泉（ひらやま）,1.2990423393627952
榊原温泉（さかきばら）,1.298938630166508
夏油温泉（げとう）,1.2988601462235527
鳥羽安楽島温泉（とばあらしま）,1.2987847244440918
春日温泉（かすが）,1.2980724082875348
神の宮温泉（かみのみや）,1.2980528451620588
大島鉱泉温泉（おしまこうせん）,1.2980307273921512
湯浅温泉（ゆあさ）,1.2978589623693435
梅ヶ島温泉（うめがしま）,1.2976072872441913
大堀温泉（おおほり）,1.2967952097692188
花咲温泉（はなさく）,1.2967837684211276
伊香保温泉（いかほ）,1.2967003071118914
湯元帯広温泉（ゆもとおびひろ）,1.295787659145537
能代温泉（のしろ）,1.2951222850689812
麒麟山温泉（きりんざん）,1.2950708917209082
菊池温泉（きくち）,1.2949758072694142
鯨波松島温泉（くじらなみまつしま）,1.2947113844137346
下風呂温泉郷（しもふろ）,1.294650087659321
有田温泉（ありた）,1.2945244441429775
木戸池温泉（きどいけ）,1.2942589135870102
空庭温泉（そらにわ）,1.2942149986350349
越中つるぎ温泉（えっちゅうつるぎ）,1.293785571720865
玉造温泉（たまつくり）,1.2934963307210379
おのがみ温泉（おのがみ）,1.293233846577387
有村温泉（ありむら）,1.2929823619535281
関空温泉（かんくう）,1.2929246576059432
千倉瀬戸浜温泉（ちくらせとはま）,1.2929202593035167
垂玉温泉（たるたま）,1.2927902125649982
奥伊根温泉（おくいね）,1.2927633341342684
土肥温泉（とい）,1.292081945235767
嵐山渓谷温泉（らんざんけいこく）,1.2920159622790321
夕日ヶ浦温泉（ゆうひがうら）,1.291808134979672
大塩裏磐梯温泉（おおしおうらばんだい）,1.2917760159288134
浜脇温泉（はまわき）,1.2917586108994863
飯田城温泉（いいだじょう）,1.2917531024842035
妙見温泉（みょうけん）,1.2916927254389203
串本温泉（くしもと）,1.2916621332130735
奈良田の里温泉（ならたのさと）,1.2915822219754023
やぶ温泉（やぶ）,1.2915534783450384
棚倉温泉（たなぐら）,1.2913873968202445
南小国温泉郷（みなみおぐに）,1.2909733383901534
四万温泉（しま）,1.2908172074291442
九頭竜温泉（くずりゅう）,1.2907615876387037
大町・籠川渓雲温泉（おおまちかごがわけいうん）,1.290303632475081
休暇村鹿沢高原雲井の湯（きゅうかむらかざわこうげんくもいのゆ）,1.290284369010774
箱根湯本温泉（はこねゆもと）,1.2902418917606746
天然温泉まほろばの湯（てんねんまほろばのゆ）,1.2900282049935963
女川温泉（おながわ）,1.2897525799091136
岳温泉（だけ）,1.289621562853692
高山龍神温泉（たかやまりゅうじん）,1.2894817042415814
天城船原温泉（あまぎふなばら）,1.2892303831993588
千倉元湯温泉（ちくらゆもと）,1.2891696859446782
中津川温泉（なかつがわ）,1.2889827875863937
岩井湯元温泉（いわいゆもと）,1.288970456993769
宝来温泉（ほうらい）,1.288918301794264
美唄温泉（びばい）,1.28855147815886
白浜野嶋温泉（しらはまのじま）,1.2885490592983033
野々湯温泉（ののゆ）,1.2876434927894955
伏見温泉（ふしみ）,1.2874123427129929
いわない温泉（いわない）,1.2859117594739748
ぬかびら源泉郷（ぬかびらげんせんきょう）,1.2857413769714416
阿蘇火の山温泉（あそひのやま）,1.2857295081255928
泉崎さつき温泉（いずみざきさつき）,1.285431427408069
わいた温泉郷（わいた）,1.2853880909700242
摩周温泉（ましゅう）,1.2851872516056848
万座温泉（まんざ）,1.285019605216526
真沢温泉（さなざわ）,1.2848345290100762
十勝川温泉（とかちがわ）,1.2839266208902238
五浦温泉（いつうら）,1.283884104424053
渤海温泉（ぼっかい）,1.2836958492559098
湯ヶ野温泉（ゆがの）,1.2834393803562438
三翠園温泉（さんすいえん）,1.2832357392897682
吉尾温泉（よしお）,1.2831111099511858
南阿蘇栃木温泉（みなみあそとちのき）,1.282865114344491
種子島温泉（たねがしま）,1.2828037818272908
仙石原姥子温泉（せんごくはらうばこ）,1.2827472259600956
小土肥温泉（おどい）,1.2822829317478908
西谷温泉（にしたに）,1.2820219106617428
丹後琴引温泉（たんごことびき）,1.281848541469801
川内市街地温泉（せんだいしがいち）,1.2816681254477729
青根温泉（あおね）,1.2813089636110124
わらび温泉（わらび）,1.2809105874054016
ひよし温泉（ひよし）,1.2805113337815754
下諏訪温泉諏訪湖温泉郷（しもすわ（すわこ））,1.2804989501124338
宇佐美温泉（うさみ）,1.2801347070270115
計石温泉（はかりいし）,1.2800205013108632
月岡温泉（つきおか）,1.2798796911088246
大玉温泉（おおたま）,1.2796881009661962
南霧島隼人温泉（みなみきりしまはやと）,1.2790333142444963
谷津温泉（やつ）,1.2790288675872108
湖尻温泉（こじり）,1.2787049469493685
黒木温泉（くろき）,1.2783040462032198
野沢温泉（のざわ）,1.2780109104182986
周防大島温泉（すおうおおしま）,1.2778735686389227
奥山温泉（おくやま）,1.2773958964953347
玉川温泉（たまがわ）,1.2771895538039861
鳴子温泉（鳴子温泉郷）（ナルコ）,1.2771522868720313
禰宜ノ畑温泉（ねぎのはた）,1.2771293619765884
三川温泉（みかわ）,1.2770611902551043
嬬恋バラギ温泉（つまごいばらぎ）,1.276962077191898
出雲湯村温泉（いずもゆむら）,1.276927332367216
塩原温泉（しおばら）,1.276875103040347
瀬波温泉（せなみ）,1.2765165663427775
川治温泉（かわじ）,1.2762369151626314
新湯温泉（しんゆ）,1.276000344895181
伊豆長岡温泉（いずながおか）,1.2758118745353486
湯檜曽温泉（水上温泉郷）（ゆびそ（みなかみ））,1.2757584285641475
るり渓温泉（るりけい）,1.275702820032362
鵜の浜温泉（うのはま）,1.2755941048974082
焼津温泉（やいづ）,1.275519791008934
那須湯本温泉（なすゆもと）,1.2752470506562128
韮山温泉（にらやま）,1.275171058054363
辰口温泉（たつのくち）,1.275160594639324
花山温泉（はなやま）,1.2750948062018743
扇温泉（おうぎ）,1.2749209000950767
寒水沢温泉（かんすいざわ）,1.2746411666510598
広島温泉（ひろしま）,1.2743917507311653
ニセコ薬師温泉（にせこやくし）,1.2742919974383855
塩別温泉（しおべつ）,1.2735240655759026
越後中里温泉（えちごなかざと）,1.2733965854796152
白浜女来島温泉（しらはまめらいじま）,1.273348819310703
南幌温泉（なんぽろ）,1.2732577035351405
七里田温泉（しちりだ）,1.273139104720146
赤沢温泉（あかざわ）,1.273087769321033
高瀬温泉（たかせ）,1.2727784635528685
平磯温泉（ひらいそ）,1.2726523609388443
野迫川温泉（のせがわ）,1.2725913385964103
白骨温泉（しらほね）,1.2725574181193398
川口温泉（かわぐち）,1.2720680294055788
新大秋温泉（しんたいあき）,1.2719583633547975
脇田温泉（わきた）,1.271717151455463
愛山渓温泉（あいざんけい）,1.2710108684168921
法能温泉（ほうのう）,1.2708688330082667
雄踏温泉（ゆうとう）,1.27073341872957
小天橋温泉（しょうてんきょう）,1.2706654500866694
八木沢温泉（やぎさわ）,1.2706369844693985
南木曽富貴畑高原温泉郷（なぎそふきばたこうげん）,1.2705903387022397
天降川温泉（あもりがわ）,1.2690213298513775
長者原温泉（ちょうじゃばる）,1.26889942416123
別所温泉（べっしょ）,1.2686652069053954
乗鞍温泉郷（のりくら）,1.2686095517306102
下賀茂温泉（しもかも）,1.2685987338660256
長島温泉（鹿児島県）（ながしま）,1.2685686360275934
越前南部温泉（えちぜんなんぶ）,1.2685374301577372
小天橋温泉きららの湯（しょうてんきょうきららのゆ）,1.2683952559554388
湯田中温泉（ゆだなか）,1.2679978469534525
平山・北沼上温泉（ひらやま・きたぬまがみ）,1.26787967289251
神山温泉（かみやま）,1.2677488525708518
箱根仙石原温泉（はこねせんごくばら）,1.2674476503379761
壮瞥温泉（そうべつ）,1.2672929752913733
早雲山温泉（そううんざん）,1.2672717637485928
奥矢作峡笹戸温泉（おくやはぎきょうささと）,1.2671880971344691
箱根大平台温泉（はこねおおひらだい）,1.2671104875348864
箱根仙石原俵石温泉（はこねせんごくはらひょうせき）,1.2668552868423009
岳の湯温泉（熊本県）（たけのゆ）,1.2665925457364038
小金湯温泉（こがねゆ）,1.266397518345288
駒の湯温泉（静岡県）（こまのゆ）,1.2663173309867344
真木温泉（まぎ）,1.2660315764979237
中山平温泉（なかやまだいら）,1.2659036209185919
ニセコアンヌプリ温泉（にせこあんぬぷり）,1.265553528590808
新居浜温泉（静岡県）（あらいはま）,1.265491435641334
然別峡菅野温泉（しかりべつきょうかんの）,1.2654624822120817
地獄谷温泉（熊本県）（じごくだに）,1.2652729053818992
東大沼温泉（ひがしおおぬま）,1.265034709516026
大山温泉（だいせん）,1.2649441871378158
京都温泉（きょうと）,1.2647503536371958
旭岳温泉（あさひだけ）,1.2646686662757207
熊の湯硯川温泉（くまのゆすずりかわ）,1.2642864899975912
しあわせ温泉（しあわせ）,1.2640381930366393
みなべ温泉（みなべ）,1.263916701598773
温泉センター諏訪の湯（せんたーすわのゆ）,1.2638429580226775
滝の上温泉（たきのうえ）,1.263822198008734
藪の湯温泉（やぶのゆ）,1.263790203843798
西山温泉（にしやま）,1.2635374131183776
山中温泉（加賀温泉郷）（やまなか（かが））,1.2634992492104333
阿久根温泉（あくね）,1.2633692706861193
あしがらの温泉（あしがらの）,1.2628367045628173
網張温泉（あみはり）,1.2628356656384847
新玉川温泉（しんたまがわ）,1.2625601244824274
鵜の瀬温泉（水上温泉郷）（うのせ（みなかみ））,1.2624027236113473
平湯温泉（奥飛騨温泉郷）（ひらゆ（おくひだ））,1.262311168227877
新安比温泉（しんあっぴ）,1.2611486022434537
丹後松島温泉（たんごまつしま）,1.260818975312369
嬉野温泉（うれしの）,1.2606242279684734
阿蘇高森温泉（阿蘇温泉郷）（あそたかもり（あそ））,1.2604094574848812
亀山温泉（かめやま）,1.2600391624938876
十和田大湯温泉（とわだおおゆ）,1.259851989291963
大深温泉（おおぶか）,1.2598202119744013
増富ラジウム温泉（ますとみらじうむ）,1.2598170027846383
多摩源流小菅の湯（たまげんりゅうこすげのゆ）,1.259775727307276
油山温泉（ゆやま）,1.2596592843532561
白峰温泉（しらみね）,1.2591169846436334
秩父高篠鉱泉郷（ちちぶたかしのこうせんきょう）,1.2589328614344435
岩下温泉（いわした）,1.25889466863776
利尻富士温泉（りしりふじ）,1.258777816995742
阿蘇温泉（あそ）,1.2587444940256693
鶯宿温泉（おうしゅく）,1.2583787779013318
烏帽子岩温泉（えぼしいわ）,1.2575961059521115
鹿児島温泉（かごしま）,1.2575606815871738
奥蓼科温泉郷（おくたてしな）,1.2574956431748374
ルスツ温泉（るすつ）,1.2574001354830604
みくりが池温泉（みくりがいけ）,1.2573514883007322
坂本温泉（さかもと）,1.2571604601447546
安比高原温泉郷（あっぴこうげん）,1.2562396909036333
蓼科温泉（たてしな）,1.2559227017183152
鶴居温泉（つるい）,1.255604805265154
山鹿温泉（やまが）,1.2555273372029503
南熱海網代山温泉（みなみあたみあじろやま）,1.2554644258249374
芦安温泉（あしやす）,1.2553901847392794
佐渡加茂湖温泉（さどかもこ）,1.2551920289558076
南知多山海温泉（みなみちたやまみ）,1.2547711316082213
火の谷温泉（ひのたに）,1.2544743053969882
倉渕温泉（くらぶち）,1.2543097449673546
掛川つま恋温泉（かけがわつまごい）,1.2542532215515771
草塩温泉（くさしお）,1.2541698678618387
草津温泉（くさつ）,1.253720799756665
十谷温泉（じっこく）,1.253385696098918
北温泉（きた）,1.2531944972182076
鳴沢村天然温泉（なるさわむらてんねん）,1.2530300631409599
人吉温泉（ひとよし）,1.2525940833110658
南知多温泉郷（みなみちた）,1.252129033680946
赤根温泉（あかね）,1.2513438620264568
日出温泉（ひじ）,1.2512632503395988
ニセコ駅前温泉（にせこえきまえ）,1.2511163127800775
然別湖畔温泉（しかりべつこはん）,1.2509776644763493
カルルス温泉（かるるす）,1.2505350123322199
武雄温泉（たけお）,1.2501763164997102
九酔渓温泉（きゅうすいけい）,1.250098323727411
御湯船温泉（おゆぶね）,1.2496298010860172
白浜元湯温泉（しらはまもとゆ）,1.249238999069683
山香温泉（やまが）,1.2490588773810676
犬吠埼温泉（いぬぼうさき）,1.2490014629231558
浜の湯温泉（はまのゆ）,1.2487951052567317
支笏湖温泉（しこつこ）,1.248461735816229
鬼押温泉（おにおし）,1.2484228952536507
湯の峰温泉（ゆのみね）,1.2483671578623
黒姫温泉（くろひめ）,1.2482575857450091
山川天然砂むし温泉（やまがわてんねんすなむし）,1.2481344031909156
西大沼温泉（にしおおぬま）,1.2477864078586065
湯川内温泉（ゆがわち）,1.2475489384598202
白川温泉（しらかわ）,1.247484722118529
瀬美温泉（せみ）,1.2473409043418036
生竜温泉（いきりゅう）,1.2469271048193886
六ケ迫鉱泉（鷺ヶ迫温泉）（ろっかさここうせん）,1.2464658687985133
祁答院温泉（けどういん）,1.2463127290918714
斐乃上温泉（ひのがみ）,1.2463067042316118
盃温泉郷（さかずき）,1.2459617357878456
女鹿平温泉（めがひら）,1.2454524876106352
早太郎温泉（はやたろう）,1.245419508691818
銭川温泉（ぜにかわ）,1.2450914389084256
青木鉱泉（あおきこうせん）,1.245041892736677
鞍馬温泉（くらま）,1.2447112123171489
湯泉地温泉（とうせんじ）,1.2445001736046777
日置川温泉（ひきがわ）,1.2441675854580745
泉ヶ岳温泉（いずみがたけ）,1.2439274081162044
松代温泉（まつしろ）,1.2438237498203915
天童温泉（てんどう）,1.2436088048276446
片山津温泉（加賀温泉郷）（かたやまづ（かが））,1.2435904185923319
淡路島・洲本温泉（あわじしま・すもと）,1.243258558852332
陣場ノ湯温泉（じんばのゆ）,1.243249299270766
貝掛温泉（かいかけ）,1.2425171486915105
由布院温泉（湯布院）（ゆふいん）,1.2423492069755282
青羽根温泉（あおはね）,1.2422750969727834
大胡温泉（おおご）,1.2422125446417975
殿湯温泉（とのゆ）,1.242003562289571
甲賀温泉（こうが）,1.241980813420008
銀山温泉（ぎんざん）,1.2417831768119147
熊の湯ほたる温泉（くまのゆほたる）,1.2417423209027638
宝塚温泉（たからづか）,1.2416085860558919
湯原温泉（ゆばら）,1.241434973620233
神鍋温泉（かんなべ）,1.2414318802337796
内船温泉（うちぶな）,1.2410033908628282
瀬見温泉（せみ）,1.2408117889411865
猪の倉温泉（いのくら）,1.2402169308492117
湯の児温泉（ゆのこ）,1.2399057887849354
渋温泉（しぶ）,1.2398605142320906
湯浦温泉（ゆのうら）,1.239860284375766
観音滝温泉（かんのんだき）,1.239675565229522
あづまね温泉（あづまね）,1.2396352831333401
湯西川温泉（ゆにしがわ）,1.239477029064345
塩河原温泉（しおがわら）,1.2392791927806917
本別温泉（ほんべつ）,1.2389361513985526
大洗温泉（おおあらい）,1.2389037464819257
箱根峠温泉（はこねとうげ）,1.23883863299612
梅ヶ島コンヤ温泉（うめがしまこんや）,1.2387656208068605
磐梯宝温泉（ばんだいたから）,1.2385555851465417
湯ノ浦温泉（ゆのうら）,1.2384949741855502
湯瀬温泉（ゆぜ）,1.2382681070339112
妙高高原池の平温泉（みょうこうこうげんいけのたいら）,1.237778523422423
いそざき温泉（いそざき）,1.2370050543520068
入来温泉（いりき）,1.236342484705032
山川温泉（やまかわ）,1.2363216304116778
志賀高原幕岩温泉（しがこうげんまくいわ）,1.2361217637856803
上の原温泉（水上温泉郷）（うえのはら（みなかみ））,1.2360290576068182
帯広駅前温泉（おびひろえきまえ）,1.2355815173614593
湯涌温泉（ゆわく）,1.2351629135627595
奥橋立伊根温泉（おくはしだていね）,1.2346203844225596
須玉の湯（すだまのゆ）,1.2344913346426827
熊入温泉（くまいり）,1.2344271087930316
塩ノ沢温泉（しおのさわ）,1.2343595676478887
熊野入鹿温泉（くまのいるか）,1.2341837588756803
飯坂温泉（いいざか）,1.2340373067155717
下田蓮台寺温泉（しもだれんだいじ）,1.2336822907129923
菊鹿温泉（きくか）,1.2336133144204577
宮ノ下温泉（みやのした）,1.2335700935787624
霧島日当山温泉（きりしまひなたやま）,1.233476498391893
沼津温泉（ぬまづ）,1.233446404408841
五色温泉（北海道）（ごしき）,1.2333902620606954
大鰐温泉（おおわに）,1.2333892122620629
別所温泉（神奈川県）（べっしょ）,1.2330604354954429
長生温泉（ちょうせい）,1.2320251479035331
三内峡温泉（さんないきょう）,1.2317064519439425
霞の里温泉（かすみのさと）,1.2314695707182326
小田原温泉（おだわら）,1.231438330052391
川尻温泉（かわりし）,1.2304389587943516
白岩温泉（しらいわ）,1.2300382678411783
猪ノ田温泉（いのだ）,1.2298473697806163
白田温泉（しらた）,1.229361802008417
浮山温泉（うきやま）,1.2289410735406574
牧の戸温泉（まきのと）,1.2287503796910482
古里温泉（ふるさと）,1.2284518456648266
老神温泉（おいがみ）,1.228342718217108
東郷温泉（とうごう）,1.2280743434788688
湯らゆら温泉郷（ゆらゆら）,1.2273451881276238
石和温泉（いさわ）,1.2271634543698933
別府温泉郷（べっぷ）,1.2271436521458248
休暇村乳頭温泉郷（きゅうかむらにゅうとう）,1.2271261950333914
裾花温泉（すそばな）,1.2270303794315884
蛸川温泉（たこがわ）,1.2265212893012971
安楽温泉（新川渓谷温泉）（あんらく（しんかわけいこくきょう））,1.2263479236099455
ニセコ東山温泉（にせこひがしやま）,1.2263324109334794
志摩・浜島温泉郷（しま・はまじま）,1.2260514410242203
板室温泉（いたむろ）,1.2258256343149005
伊豆高原温泉（いずこうげん）,1.2256980908768518
キロロ温泉（きろろ）,1.2254632302219908
大雪高原温泉（だいせつこうげん）,1.2254101817570036
七滝温泉（河津温泉郷）（ななだる（かわづ））,1.225396909174465
栄之尾温泉（霧島温泉郷）（さかえのお（きりしま））,1.2251212036325818
高倉山温泉（たかくらやま）,1.2248522325167581
越前町糸生温泉（えちぜんちょういとう）,1.2245863228326752
鰻温泉（うなぎ）,1.2245525539394408
柴石温泉（しばせき）,1.2244263891189817
はげの湯温泉（はげのゆ）,1.2243855039278666
大分市内温泉（おおいたしない）,1.2243078543553276
白金温泉黄金の湯（しろかねこがねのゆ）,1.224127173754904
北湯沢温泉（きたゆざわ）,1.224112221740541
深沢温泉（山梨県）（ふかさわ）,1.2239427027248202
湯盛温泉（ゆもり）,1.2229454213191593
伊豆片瀬温泉（いずかたせ）,1.2216662649124388
桜島マグマ温泉（さくらじままぐま）,1.2213174371965347
箱根大涌谷温泉（はこねおおわくだに）,1.221223735430884
ねじめ温泉（ねじめ）,1.2210445916841899
たてやま温泉郷（たてやま）,1.220796168465463
三津浜・湯の花温泉（みとはま・ゆのはな）,1.220758915325952
河口湖温泉郷（かわぐちこ）,1.22038693763907
芦ノ牧温泉（あしのまき）,1.2199942229286074
天草温泉（あまくさ）,1.2199562334825123
横手駅前温泉（よこてえきまえ）,1.2199326340168242
九重温泉郷（くじゅう）,1.2199264561846141
落合温泉（おちあい）,1.2199236150771853
長門峡温泉（ちょうもんきょう）,1.219866471583881
ニセコ昆布温泉（こんぶ）,1.2198552182742528
当間高原温泉（あてまこうげん）,1.2197374020304
梅ヶ島新田温泉（うめがしましんでん）,1.2196828013847745
鹿部温泉（しかべ）,1.2195916289847994
林田温泉（はやしだ）,1.2189490415747204
水分温泉（みずわき）,1.2189159362562119
蓼科温泉石遊の湯（たてしないしやすのゆ）,1.2188559913919086
千頭温泉（せんず）,1.2185780674692184
鉄輪温泉（別府温泉郷）（かんなわ（べっぷ））,1.2183908419949667
上九の湯（かみくのゆ）,1.2182449678579967
天城・持越温泉（あまぎ・もちこし）,1.2181763244053674
津南温泉（つなん）,1.218002076044915
湯屋温泉（ゆや）,1.2175564823169558
霧島神宮温泉（きりしまじんぐう）,1.217337078234506
諏訪温泉（すわ）,1.2172221566003465
大町温泉郷（おおまち）,1.2167565064770836
小川温泉（おがわ）,1.216477154313572
飯岡温泉（いいおか）,1.2162172422995643
平戸千里ケ浜温泉（ひらどせんりがはま）,1.2158270851487205
日田温泉（ひた）,1.2157929324914538
滑川温泉（なめかわ）,1.21530030786045
伊勢原温泉（いせはら）,1.2152846980662573
麻生釣温泉（阿蘇鶴温泉）（あそづる）,1.2152696351210275
塩川鉱泉（しおかわこうせん）,1.2152355938203752
天草弓ヶ浜温泉（あまくさゆみがはま）,1.2151452186088714
富良野島の下温泉（ふらのしまのした）,1.2149897854279963
星川温泉（ほしかわ）,1.2143748995803652
丸尾温泉（まるお）,1.214255259245161
十津川温泉（とつがわ）,1.2141931080628954
長島温泉（ながしま）,1.2140916111450348
えびの高原温泉（えびのこうげん）,1.2140754812293582
見奈良天然温泉（みならてんねん）,1.2136617176589513
川湯温泉（かわゆ）,1.2135213672641725
伊豆長岡温泉古奈（いずながおかこな）,1.2129422105020946
硫黄谷温泉（いおうだに）,1.2125975338239519
仁伏温泉（にぶし）,1.212345033647522
冷川温泉（ひえかわ）,1.2121377891018277
久山温泉（ひさやま）,1.2119633904525213
六日町温泉（むいかまち）,1.2118397765216373
川内高城温泉（せんだいたき）,1.2116665390275774
新川渓谷温泉郷（しんかわけいこく）,1.2114852847087951
原保温泉（わらぼ）,1.2110712065080564
吉良温泉（きら）,1.210149376449131
あわら温泉（芦原温泉）（あわら）,1.2096673195324248
長門湯本温泉（ながとゆもと）,1.2096252292394638
湯元新祖谷温泉（ゆもといんいや）,1.209265760817225
栗野岳温泉（くりのだけ）,1.2092335778569419
弓ヶ浜温泉（ゆみがはま）,1.2091144871144066
苗場三国峠温泉（なえばみくにとうげ）,1.2090767535425369
白水鉱泉温泉（しらみずこうせん）,1.2090647410778774
大仁温泉（おおひと）,1.208792272683174
寸又峡温泉（すまたきょう）,1.2074789063325004
俄虫温泉（がむし）,1.2063308076253012
奥只見折立温泉（おくただみおりたて）,1.2062522299232938
赤瀬温泉（あかせ）,1.2061060306098725
金桁温泉（かなけた）,1.2058921067487627
東トロコ温泉（ひがしとろこ）,1.2057884028506658
旭川温泉（あさひかわ）,1.2056061687923614
片品温泉（かたしな）,1.2054547883215405
西海橋温泉（さいかいばし）,1.2050606376121915
熱海伊豆山温泉（あたみいずさん）,1.2048615954698079
信州よませ温泉（しんしゅうよませ）,1.204534576714985
新横浜温泉（しんよこはま）,1.2042632746791082
湯河原温泉（ゆがわら）,1.2042053145548652
川渡温泉（鳴子温泉郷）（かわたび（なるこ））,1.202883459130923
横川温泉（静岡県）（よこかわ）,1.2020319794644676
岩滝温泉（いわたき）,1.2019641479329457
淡路島・南淡路温泉郷（あわじしま・みなみあわじ）,1.2010300131544236
塩江温泉（しおのえ）,1.2003973588110908
伊東市赤沢対島温泉（いとうしあかざわたじま）,1.2002100578139698
赤倉温泉（あかくら）,1.2000926371131624
ニセコ湯本温泉（にせこゆもと）,1.1998886301877008
有福温泉（ありふく）,1.1993534660055523
月の湯温泉（つきのゆ）,1.199232815844672
白丹温泉（しらに）,1.1986307681552948
宮之城温泉（みやのじょう）,1.198443428391502
白浜温泉（しらはま）,1.1982071591748131
鎌先温泉（かまさき）,1.19795195975947
志太温泉（しだ）,1.197208567271157
千倉海岸温泉（ちくらかいがん）,1.197192498663115
赤湯温泉（あかゆ）,1.1967975988274528
久美の浜温泉郷（くみのはま）,1.1963946488168504
吾妻峡温泉（あがつまきょう）,1.196306283369897
白馬姫川温泉（はくばひめかわ）,1.1958246007325157
弁天島温泉（べんてんじま）,1.1954776046295015
月夜野温泉（つきよの）,1.1949590525427272
帯広温泉（おびひろ）,1.1946287126768205
白金温泉（しろがね）,1.1945375080146485
稲垣温泉（いながき）,1.194470913826473
奥武雄温泉（おくたけお）,1.194444177075038
那須温泉（なす）,1.1938465180851163
小豆島温泉（しょうどしま）,1.1933214664932281
桜田温泉（さくらだ）,1.1923075354761548
松任海浜温泉（まっとうかいひん）,1.1914122806655036
妙高高原燕温泉（みょうこうこうげんつばめ）,1.1913181331895646
南紀勝浦温泉（なんきかつうら）,1.1904665219878394
三保はごろも温泉（みほはごろも）,1.190397226053571
上諏訪温泉（諏訪湖温泉郷）（かみすわ（すわこ））,1.1902816576144053
小豆温泉（あずき）,1.190020071558418
湯郷温泉（ゆのごう）,1.1899015977269127
道後温泉（どうご）,1.1898644363123272
下仁田温泉（しもにた）,1.1890310121434076
紫尾温泉（しび）,1.1875433662521933
ニセコ湯の里温泉（にせこゆのさと）,1.18719641301367
川棚大崎温泉（かわだなおおさき）,1.1871525332095132
秩父・四季彩乃湯温泉（ちちぶ・しきさいのゆ）,1.1859222128750786
河口湖温泉（かわぐちこ）,1.1857093823334528
立久恵峡温泉（たちくえきょう）,1.184873472556235
蒲井温泉（かまい）,1.1848636843382367
トーカン岩手山温泉（とーかんいわてさん）,1.184359877009595
今井浜温泉（いまいはま）,1.1841680657769007
大牧温泉（おおまき）,1.1837253357209856
奥日光湯元温泉（おくにっこうゆもと）,1.183689311998231
向山温泉（むこうやま）,1.1833876995340225
湯前温泉（ゆのまえ）,1.183358012352671
秋保温泉（あきう）,1.183238200015492
太良竹崎温泉（たらたけさき）,1.1831030091596029
氷見温泉郷（ひみ）,1.1821016997571976
筋湯温泉（すじゆ）,1.1820399726194049
猪苗代温泉（いなわしろ）,1.1816087360892977
こんぴら温泉郷（こんぴら）,1.1799243221680324
八雲温泉（やくも）,1.179500206689986
郡山温泉（こおりやま）,1.1792069685837578
湯之尾温泉（ゆのお）,1.179194384529477
庄原さくら温泉（しょうばらさくら）,1.1791031203572713
筌ノ口温泉（うけのくち）,1.1790689932448521
大野目温泉（だいのめ）,1.178737529686519
口之津温泉（くちのつ）,1.1785966722028596
新鹿沢温泉（しんかざわ）,1.1784155926534108
月形温泉（つきがた）,1.1778036084913073
赤城温泉（あかぎ）,1.1777485210271108
作並温泉（さくなみ）,1.1776857682636805
会津東山温泉（あいづひがしやま）,1.177622925714841
"温海温泉,あつみ温泉（あつみ）",1.177425668873484
犬鳴山温泉（いぬなきやま）,1.1767119727437458
奥軽井沢温泉（おくかるいざわ）,1.1761559174174354
福光アローザ温泉（ふくみつあろーざ）,1.1758206005607335
天徳温泉（てんとく）,1.174747237684353
稲取温泉（いなとり）,1.1747386854792399
南紀太地温泉（なんきたいじ）,1.1744051255404002
タングラム斑尾温泉（たんぐらむまだらお）,1.1742268541502574
城山温泉（しろやま）,1.1742159188739838
相生の湯（あいおいのゆ）,1.1735823906603313
勝浦温泉（かつうら）,1.173513283639673
修善寺温泉（しゅぜんじ）,1.1725918937770148
一本松温泉（いっぽんまつ）,1.1723086360901123
松島温泉（まつしま）,1.172115597980363
赤水温泉（あかみず）,1.1720300286535232
一勝地温泉（いっちょうち）,1.171808096624556
信州いいじま温泉（しんしゅういいじま）,1.17131571273009
十和田湖西湖畔温泉（とわだこにしこはん）,1.1704000020310992
房総白浜温泉（ぼうそうしらはま）,1.1702375928560893
湯野浜温泉（ゆのはま）,1.170166682061695
稲佐山温泉（いなさやま）,1.1697901412135079
壁湯温泉（かべゆ）,1.1696045595502096
長浜太閤温泉（ながはまたいこう）,1.1693660305605995
富良野温泉（ふらの）,1.1693247888296368
野地温泉（のぢ）,1.1690383004290719
三浦マホロバ温泉（みうらまほろば）,1.1689028548342841
川底温泉（かわぞこ）,1.1677509555267909
穴原温泉（あなばら）,1.1676598750882679
尻焼温泉（しりやき）,1.1673615626872533
雲見温泉（くもみ）,1.1673011128864592
秋の宮温泉郷（あきのみや）,1.167292469929135
日之出温泉（新川渓谷温泉郷）（ひので（しんかわけいこく））,1.1671257604682257
上林温泉（かんばやし）,1.1671048738653698
松崎温泉（まつざき）,1.1658484500078927
びわ湖おごと温泉（びわこおごと）,1.1654860148354182
小浜温泉（おばま）,1.1653363761920779
八幡温泉（やはた）,1.1640170559050544
神戸ハーバーランド温泉（こうべはーばーらんど）,1.1639526222433363
鹿屋大平温泉（かのやたいへい）,1.1634017137307968
田代温泉（たしろ）,1.1627721091200198
宝泉寺温泉（ほうせんじ）,1.16260976559586
きのえ温泉（きのえ）,1.1621187725237438
河津・峰温泉（かわづ・みね）,1.1620166914330587
亀川温泉（別府温泉郷）（かめがわ（べっぷ））,1.1612317337403222
木賀温泉（きが）,1.1611098781464593
座禅温泉（ざぜん）,1.1603371093197474
佐伯温泉（さいき）,1.1603354529728964
八幡平温泉郷（はちまんたい）,1.1599687743754614
開聞温泉（かいもん）,1.1597446641278646
鳥羽答志島温泉（とばとうしじま）,1.15970367273641
飯田温泉（いいだ）,1.1593770089130553
長良川温泉（ながらがわ）,1.1592568196947612
高室山温泉（たかむろやま）,1.1592497114624294
芦ノ湖温泉（あしのこ）,1.1588745919957995
根府川温泉（ねぶかわ）,1.1584533041904843
石部温泉（いしぶ）,1.1583909218273465
明礬温泉（別府温泉郷）（みょうばん（べっぷ））,1.1583368087571766
御宿天然温泉（おんじゅくてんねん）,1.1570216133007927
垂水温泉（たるみず）,1.156865868303511
稲荷山温泉（いなりやま）,1.1568398738664294
君田温泉（きみた）,1.1561150847919404
後生掛温泉（ごしょうがけ）,1.1557494013555467
いわき湯本温泉（いわきゆもと）,1.1547445692240246
姫木温泉（ひめき）,1.1544373215338777
美ヶ原温泉（うつくしがはら）,1.1544138966571718
かみのやま温泉（かみのやま）,1.1543138122747814
沓野温泉（くつの）,1.1539886563070236
五十沢温泉（いかざわ）,1.153707502594602
志戸平温泉（しどたいら）,1.1531989368654432
内浦山温泉（うちうらやま）,1.1522088268446544
萩阿武川温泉（はぎあぶがわ）,1.1521616796179424
南房総白浜温泉（みなみぼうそうしらはま）,1.149794024087134
霧島温泉郷（きりしま）,1.1493360357625144
熱川温泉（あたがわ）,1.1485159520118957
しんのしつ温泉（しんのしつ）,1.1481234005519323
日奈久温泉（ひなぐ）,1.1477141258735506
東神楽温泉（ひがしかぐら）,1.1462018443951532
吹上温泉（鹿児島県）（ふきあげ）,1.1461483082601003
離湖弁天温泉（はなれこべんてん）,1.1448067789808625
秋田温泉（あきた）,1.1440250731649853
花巻南温泉峡渡り温泉（はなまきみなみきょうわたり）,1.144007231224151
つなぎ温泉（つなぎ）,1.1428884192591622
長湯温泉（ながゆ）,1.1428198058453818
中ノ沢温泉（なかのさわ）,1.1419811483827376
こうでら温泉（こうでら）,1.141825366862828
吉松温泉郷（よしまつ）,1.140176034352136
新十津川温泉（しんとつかわ）,1.1401589188576926
田牛温泉（とうじ）,1.1382177606934594
観海寺温泉（別府温泉郷）（かんかいじ（べっぷ））,1.1381764131405996
新鉛温泉（しんなまり）,1.1376873776080116
鈴ヶ谷温泉（すずがたに）,1.137533332620348
竹倉温泉（たけくら）,1.1368155893825351
新川温泉（新川渓谷温泉郷）（しんかわ（しんかわけいこく））,1.135211566137889
妖精の泉温泉（ようせいのいずみ）,1.1351453462290384
加治木温泉（かじき）,1.134824915253927
輪島温泉（わじま）,1.134594943953885
飯山温泉（いいやま）,1.1328467777856286
上畑温泉（かみはた）,1.1325259263080263
東八幡平温泉（ひがしはちまんたい）,1.1324551915365553
川崎有馬温泉（かわさきありま）,1.1314694819942352
元箱根温泉（もとはこね）,1.129576452856972
久住温泉（くじゅう）,1.129244903250346
岩手湯本温泉（いわてゆもと）,1.1274507320116436
新湯田中温泉（しんゆだなか）,1.1259349973901869
浜名湖かんざんじ（舘山寺）温泉（はまなこかんざんじ）,1.1256733700869574
鴨川温泉（かもがわ）,1.1245907682984595
湯島温泉（ゆしま）,1.1235725709843258
本渡温泉（ほんど）,1.1229509564146163
富士田貫湖温泉（ふじたぬきこ）,1.1222223438292978
浜平温泉（はまびら）,1.1219690391468622
法華院温泉（ほっけいん）,1.1219292536614431
幡谷温泉（はたや）,1.1215954758818187
栗川温泉（くりかわ）,1.1210782800875014
大川温泉（おおかわ）,1.1183030257149347
松江しんじ湖温泉（まつえしんじこ）,1.1180547922376602
湯谷温泉（ゆや）,1.1177628819431578
黒川温泉（くろかわ）,1.1177333700751502
ロマントピア温泉（ろまんとぴあ）,1.1156498977352702
白浜飯田屋温泉（しらはまいいだや）,1.115480739729745
台温泉（花巻温泉郷）（だい（はなまき））,1.113803261991531
札幌大通温泉（さっぽろおおどおり）,1.1119517718042646
久木野温泉（くぎの）,1.1112476660618706
黒沢温泉（くろさわ）,1.110517637266053
あまるべ温泉(香住)（あまるべ（かすみ））,1.1095496467477273
紀伊見温泉（きいみ）,1.1088802828970883
合志温泉（こうし）,1.1079408994742803
大口温泉（おおくち）,1.1077785494781676
関平温泉（せきひら）,1.104676319682409
十和田湖畔温泉（とわだこはん）,1.1042023602932218
新八温泉（しんぱち）,1.1037638062818182
小原温泉（おばら）,1.1028365327252283
屋久島温泉（やくしま）,1.102642341420823
水上温泉（みなかみ）,1.1022903762166463
新穂高温泉（しんほたか）,1.1021103806438899
ニセコモイワ山温泉（にせこもいわやま）,1.1007931949127288
青荷温泉（あおに）,1.1003554389117256
河津浜温泉（かわづはま）,1.099223486535133
神湯温泉（かみゆ）,1.0987860153591822
天草苓北町麟泉の湯（あまくされいほくまちりんせんのゆ）,1.0984868190118244
松の湯温泉（まつのゆ）,1.0971551938662452
湯の川温泉（ゆのかわ）,1.0969009077738203
猿ヶ京温泉（さるがきょう）,1.0964102487715464
南房総岩井温泉（みなみぼうそういわい）,1.092436749925689
角館温泉（かくのだて）,1.0919659271599755
形原温泉（かたはら）,1.0917649283295585
鬼怒川温泉（きぬがわ）,1.0907945543527604
尾瀬片品温泉（おぜかたしな）,1.0868575551680155
城崎温泉（きのさき）,1.0867102299417768
遠刈田温泉（とおがった）,1.0864085513447959
湯之野温泉（ゆのの）,1.0863267229663
くったり温泉（くったり）,1.0858442834268014
安曇野みさと温泉（あずみのみさとおんんせん）,1.085820443005789
成川温泉（なりかわ）,1.0853464022988364
木曽御岳温泉（きそおんたけ）,1.0815714705794577
神室温泉（かむろ）,1.077688654547646
がまの湯温泉（がまのゆ）,1.0760320873960616
湯宿温泉（ゆじゅく）,1.0759715274212853
七味温泉（しちみ）,1.0751115027874234
天草パール温泉（あまくさぱーる）,1.0732117912599017
笹原温泉（河津）（ささはら（かわづ））,1.0727018427281152
沢渡温泉（さわたり）,1.0707207069037452
岩地温泉（いわち）,1.0692519686997883
阿蘇内牧温泉（あそうちのまき）,1.0670748863428359
下田温泉（しもだ）,1.0665319945604081
こうのとり温泉（こうのとり）,1.0662572906603889
北川温泉（ほっかわ）,1.0651516358057658
雄阿寒温泉（おあかん）,1.065025515310348
昼神温泉（ひるがみ）,1.0601977214453713
さとわき湧玉の湯（さとわきわくたまのゆ）,1.0600450963728012
藤岡温泉（ふじおか）,1.0595501838340646
甲府温泉（こうふ）,1.0562777710102853
寺泊岬温泉（てらどまりみさき）,1.0555027560582237
湯の花沢温泉（ゆのはなざわ）,1.0500595268749056
戸田温泉（へだ）,1.042965225142146
南阿蘇温泉（阿蘇温泉郷）（みなみあそ（あそ））,1.0417348269905362
青梅石神温泉（おうめいしがみ）,1.0397624619423396
志布志温泉（しぶし）,1.0350790606604683
北郷温泉（きたごう）,1.0325629510340237
谷山温泉（たにやま）,1.0324133597905674
花巻温泉（はなまき）,1.0314824249536272
吉田温泉（鹿児島県）（よしだ）,1.026927944213625
久美浜温泉（くみはま）,1.0256997033007562
昆布川温泉（こんぶがわ）,1.024320524930954
安比温泉（あっぴ）,1.0242873970951354
伊豆白浜温泉（いずしらはま）,1.0219024698412607
りんりんパークー温泉（りんりんぱーくー）,1.0114228241027348
大村温泉（おおむら）,1.0071854050670352
八面山金色温泉（はちめんざんかないろ）,0.9998418435690895
河津温泉郷（かわづ）,0.9963036821002051
堀田温泉（別府温泉郷）（ほりた（べっぷ））,0.953356817601219
杖立温泉（つえだて）,0.9502044043843709
五色温泉（福島県）（ごしき）,0.9471458350382154
石井温泉（いしい）,0.9371553940905466
柏の葉キャンパスシティ温泉（かしわのは）,0.9247055124668848
用井温泉（もちい）,0.9179088608140037
湯平温泉（ゆのひら）,0.8938848053652142
湯ノ釣温泉（ゆのつる）,0.8903811422605363
北八ヶ岳松原湖温泉（きたやつがたけまつばらこ）,0.8849564904258365
べふ峡温泉（べふきょう）,0.8808074166687827
湯田上温泉（ゆだがみ）,0.8766492358275821
湯坪温泉（ゆつぼ）,0.8766476521416315
宮津温泉（みやづ）,0.86225501743574
天草松島温泉（あまくさまつしま）,0.8578666703568565
向屋温泉（こうや）,0.8425688343713917
浅虫温泉（あさむし）,0.8409702865377305
湯の鶴温泉（ゆのつる）,0.8288435298772086
藪塚温泉（やぶつか）,0.8070156279537413
韮崎旭温泉（にらさきあさひ）,0.7974400076128187
かいづか温泉（かいづか）,0.7902647331120476
花敷温泉（はなしき）,0.7882920307299448
御殿場乙女温泉乙女2号泉（ごてんばおとめおとめにごうせん）,0.7845972365330136
七沢温泉（ななさわ）,0.7834143933973142
仙酔峡温泉（せんすいきょう）,0.774373917589112
裂石温泉（さけいし）,0.7691976588869851
御殿場高原温泉（ごてんばこうげん）,0.7623204200336384
八ヶ岳南麓温泉（やつがたけなんろく）,0.7612579398211978
御殿場東田中温泉（ごてんばひがしたなか）,0.7505577967753486
名張香落渓温泉（なばりこおちだに）,0.7501436704621902
角神温泉（つのがみ）,0.7423524234029981
甲府昭和温泉（こうふしょうわ）,0.73918618413191
石切温泉（いしきり）,0.7345723760979517
富士青木ヶ原樹海温泉（ふじあおきがはらじゅかい）,0.7309634636791926
武尊温泉（ほだか）,0.729624290551458
宮之城ちくりん温泉（みやのじょうちくりん）,0.7261809037791358
忠治温泉（ちゅうじ）,0.7239331850456814
寒の地獄温泉（かんのじごく）,0.7222885434116636
温泉津温泉（ゆのつ）,0.7214347654864901
奈女沢温泉（なめさわ）,0.7180734736578804
高崎観音山温泉（たかさきかんのんやま）,0.7166584833746865
千倉海底温泉（ちくらかいてい）,0.7165342897176743
秋山雛鶴の湯（あきやまひなつるのゆ）,0.7150145466069853
岩井温泉（いわい）,0.7144960844800585
浅間高原温泉（あさまこうげん）,0.7122587472200395
辰ケ湯温泉（たつがゆ）,0.6922350815837346
ひみ阿尾の浦温泉（ひみあおのうら）,0.6914388842525936
八塩温泉（やしお）,0.6910636655394993
雨畑湖温泉（あめはたこ）,0.6885968513905056
湯之谷温泉（鹿児島県）（ゆのたに）,0.6826886921647995
むかわの湯（むかわのゆ）,0.6824920431015984
坊中温泉（ぼうちゅう）,0.6798920062799303
土出温泉（つちいで）,0.6784214159799
天恵泉（てんけいせん）,0.6771102098836785
法師温泉（ほうし）,0.6724698264920522
左沢温泉（あてらさわ）,0.6692971470810118
尾瀬戸倉温泉（おぜとくら）,0.6686921303234403
飯森山温泉（いいもりやま）,0.663940178496497
川原湯温泉（かわらゆ）,0.6631681784750922
薬師温泉（やくし）,0.6623802721973449
ふじやま温泉（ふじやま）,0.6618019448859351
奈良田温泉（ならだ）,0.6616005557397056
泡の湯温泉（あわのゆ）,0.6604607393817297
みさかの湯（みさかのゆ）,0.660015756932516
弥彦温泉（やひこ）,0.6574993879549087
真玉温泉（またま）,0.6541887687312231
白石温泉（しろいし）,0.6538486651957981
たかねの湯（たかねのゆ）,0.6497172320645953
富士西湖温泉（ふじさいこ）,0.6466140491621835
丹波山温泉のめこい湯（たばやまのめこいゆ）,0.6442882188728878
宝川温泉（たからがわ）,0.6290344471969302
赤城高原温泉（あかぎこうげん）,0.6261000024420874
託麻温泉（たくま）,0.620180766923087
泉温泉健康センター（いずみけんこうせんたー）,0.6044337691768767
浜坂温泉（はまさか）,0.5984369714581778
阿蘇白水温泉（あそはくすい）,0.5969462975150064
白布温泉（しらぶ）,0.5931176398008589
島原温泉（しまばら）,0.5923139943489952
丸沼温泉（まるぬま）,0.5921875236999421
紋別温泉（もんべつ）,0.5892168784188846
本白根温泉（もとしらね）,0.58852206700378
越中となみ野温泉（えっちゅうとなみの）,0.5866103170646562
白川温泉（山形）（しらかわ）,0.5781704938600933
洞爺湖温泉（とうやこ）,0.556370404788426
はわい温泉（はわい）,0.5351999907266526
大滝温泉（河津温泉郷）（おおだる（かわづ））,0.46706930432054733
